 Sphere of radius 10 nm and dipole spacing 1 nm 
	4169 = number of dipoles in target
 1.000000 0.000000 0.000000 = A_1 vector
 0.000000 1.000000 0.000000 = A_2 vector
 1.000000 1.000000 1.000000 = (d_x,d_y,d_z)/d
 0.000000 0.000000 0.000000 = (x,y,z)/d
 JA  IX  IY  IZ ICOMP(x,y,z)
	1	-11	-10	0	1	1	1
	2	-15	-9	-1	1	1	1
	3	-15	-9	0	1	1	1
	4	-15	-9	1	1	1	1
	5	-14	-9	-3	1	1	1
	6	-14	-9	-2	1	1	1
	7	-14	-9	-1	1	1	1
	8	-14	-9	0	1	1	1
	9	-14	-9	1	1	1	1
	10	-14	-9	2	1	1	1
	11	-14	-9	3	1	1	1
	12	-13	-9	-3	1	1	1
	13	-13	-9	-2	1	1	1
	14	-13	-9	-1	1	1	1
	15	-13	-9	0	1	1	1
	16	-13	-9	1	1	1	1
	17	-13	-9	2	1	1	1
	18	-13	-9	3	1	1	1
	19	-12	-9	-4	1	1	1
	20	-12	-9	-3	1	1	1
	21	-12	-9	-2	1	1	1
	22	-12	-9	-1	1	1	1
	23	-12	-9	0	1	1	1
	24	-12	-9	1	1	1	1
	25	-12	-9	2	1	1	1
	26	-12	-9	3	1	1	1
	27	-12	-9	4	1	1	1
	28	-11	-9	-4	1	1	1
	29	-11	-9	-3	1	1	1
	30	-11	-9	-2	1	1	1
	31	-11	-9	-1	1	1	1
	32	-11	-9	0	1	1	1
	33	-11	-9	1	1	1	1
	34	-11	-9	2	1	1	1
	35	-11	-9	3	1	1	1
	36	-11	-9	4	1	1	1
	37	-10	-9	-4	1	1	1
	38	-10	-9	-3	1	1	1
	39	-10	-9	-2	1	1	1
	40	-10	-9	-1	1	1	1
	41	-10	-9	0	1	1	1
	42	-10	-9	1	1	1	1
	43	-10	-9	2	1	1	1
	44	-10	-9	3	1	1	1
	45	-10	-9	4	1	1	1
	46	-9	-9	-3	1	1	1
	47	-9	-9	-2	1	1	1
	48	-9	-9	-1	1	1	1
	49	-9	-9	0	1	1	1
	50	-9	-9	1	1	1	1
	51	-9	-9	2	1	1	1
	52	-9	-9	3	1	1	1
	53	-8	-9	-3	1	1	1
	54	-8	-9	-2	1	1	1
	55	-8	-9	-1	1	1	1
	56	-8	-9	0	1	1	1
	57	-8	-9	1	1	1	1
	58	-8	-9	2	1	1	1
	59	-8	-9	3	1	1	1
	60	-7	-9	-1	1	1	1
	61	-7	-9	0	1	1	1
	62	-7	-9	1	1	1	1
	63	-17	-8	0	1	1	1
	64	-16	-8	-3	1	1	1
	65	-16	-8	-2	1	1	1
	66	-16	-8	-1	1	1	1
	67	-16	-8	0	1	1	1
	68	-16	-8	1	1	1	1
	69	-16	-8	2	1	1	1
	70	-16	-8	3	1	1	1
	71	-15	-8	-4	1	1	1
	72	-15	-8	-3	1	1	1
	73	-15	-8	-2	1	1	1
	74	-15	-8	-1	1	1	1
	75	-15	-8	0	1	1	1
	76	-15	-8	1	1	1	1
	77	-15	-8	2	1	1	1
	78	-15	-8	3	1	1	1
	79	-15	-8	4	1	1	1
	80	-14	-8	-5	1	1	1
	81	-14	-8	-4	1	1	1
	82	-14	-8	-3	1	1	1
	83	-14	-8	-2	1	1	1
	84	-14	-8	-1	1	1	1
	85	-14	-8	0	1	1	1
	86	-14	-8	1	1	1	1
	87	-14	-8	2	1	1	1
	88	-14	-8	3	1	1	1
	89	-14	-8	4	1	1	1
	90	-14	-8	5	1	1	1
	91	-13	-8	-5	1	1	1
	92	-13	-8	-4	1	1	1
	93	-13	-8	-3	1	1	1
	94	-13	-8	-2	1	1	1
	95	-13	-8	-1	1	1	1
	96	-13	-8	0	1	1	1
	97	-13	-8	1	1	1	1
	98	-13	-8	2	1	1	1
	99	-13	-8	3	1	1	1
	100	-13	-8	4	1	1	1
	101	-13	-8	5	1	1	1
	102	-12	-8	-5	1	1	1
	103	-12	-8	-4	1	1	1
	104	-12	-8	-3	1	1	1
	105	-12	-8	-2	1	1	1
	106	-12	-8	-1	1	1	1
	107	-12	-8	0	1	1	1
	108	-12	-8	1	1	1	1
	109	-12	-8	2	1	1	1
	110	-12	-8	3	1	1	1
	111	-12	-8	4	1	1	1
	112	-12	-8	5	1	1	1
	113	-11	-8	-6	1	1	1
	114	-11	-8	-5	1	1	1
	115	-11	-8	-4	1	1	1
	116	-11	-8	-3	1	1	1
	117	-11	-8	-2	1	1	1
	118	-11	-8	-1	1	1	1
	119	-11	-8	0	1	1	1
	120	-11	-8	1	1	1	1
	121	-11	-8	2	1	1	1
	122	-11	-8	3	1	1	1
	123	-11	-8	4	1	1	1
	124	-11	-8	5	1	1	1
	125	-11	-8	6	1	1	1
	126	-10	-8	-5	1	1	1
	127	-10	-8	-4	1	1	1
	128	-10	-8	-3	1	1	1
	129	-10	-8	-2	1	1	1
	130	-10	-8	-1	1	1	1
	131	-10	-8	0	1	1	1
	132	-10	-8	1	1	1	1
	133	-10	-8	2	1	1	1
	134	-10	-8	3	1	1	1
	135	-10	-8	4	1	1	1
	136	-10	-8	5	1	1	1
	137	-9	-8	-5	1	1	1
	138	-9	-8	-4	1	1	1
	139	-9	-8	-3	1	1	1
	140	-9	-8	-2	1	1	1
	141	-9	-8	-1	1	1	1
	142	-9	-8	0	1	1	1
	143	-9	-8	1	1	1	1
	144	-9	-8	2	1	1	1
	145	-9	-8	3	1	1	1
	146	-9	-8	4	1	1	1
	147	-9	-8	5	1	1	1
	148	-8	-8	-5	1	1	1
	149	-8	-8	-4	1	1	1
	150	-8	-8	-3	1	1	1
	151	-8	-8	-2	1	1	1
	152	-8	-8	-1	1	1	1
	153	-8	-8	0	1	1	1
	154	-8	-8	1	1	1	1
	155	-8	-8	2	1	1	1
	156	-8	-8	3	1	1	1
	157	-8	-8	4	1	1	1
	158	-8	-8	5	1	1	1
	159	-7	-8	-4	1	1	1
	160	-7	-8	-3	1	1	1
	161	-7	-8	-2	1	1	1
	162	-7	-8	-1	1	1	1
	163	-7	-8	0	1	1	1
	164	-7	-8	1	1	1	1
	165	-7	-8	2	1	1	1
	166	-7	-8	3	1	1	1
	167	-7	-8	4	1	1	1
	168	-6	-8	-3	1	1	1
	169	-6	-8	-2	1	1	1
	170	-6	-8	-1	1	1	1
	171	-6	-8	0	1	1	1
	172	-6	-8	1	1	1	1
	173	-6	-8	2	1	1	1
	174	-6	-8	3	1	1	1
	175	-5	-8	0	1	1	1
	176	-18	-7	-1	1	1	1
	177	-18	-7	0	1	1	1
	178	-18	-7	1	1	1	1
	179	-17	-7	-3	1	1	1
	180	-17	-7	-2	1	1	1
	181	-17	-7	-1	1	1	1
	182	-17	-7	0	1	1	1
	183	-17	-7	1	1	1	1
	184	-17	-7	2	1	1	1
	185	-17	-7	3	1	1	1
	186	-16	-7	-5	1	1	1
	187	-16	-7	-4	1	1	1
	188	-16	-7	-3	1	1	1
	189	-16	-7	-2	1	1	1
	190	-16	-7	-1	1	1	1
	191	-16	-7	0	1	1	1
	192	-16	-7	1	1	1	1
	193	-16	-7	2	1	1	1
	194	-16	-7	3	1	1	1
	195	-16	-7	4	1	1	1
	196	-16	-7	5	1	1	1
	197	-15	-7	-5	1	1	1
	198	-15	-7	-4	1	1	1
	199	-15	-7	-3	1	1	1
	200	-15	-7	-2	1	1	1
	201	-15	-7	-1	1	1	1
	202	-15	-7	0	1	1	1
	203	-15	-7	1	1	1	1
	204	-15	-7	2	1	1	1
	205	-15	-7	3	1	1	1
	206	-15	-7	4	1	1	1
	207	-15	-7	5	1	1	1
	208	-14	-7	-6	1	1	1
	209	-14	-7	-5	1	1	1
	210	-14	-7	-4	1	1	1
	211	-14	-7	-3	1	1	1
	212	-14	-7	-2	1	1	1
	213	-14	-7	-1	1	1	1
	214	-14	-7	0	1	1	1
	215	-14	-7	1	1	1	1
	216	-14	-7	2	1	1	1
	217	-14	-7	3	1	1	1
	218	-14	-7	4	1	1	1
	219	-14	-7	5	1	1	1
	220	-14	-7	6	1	1	1
	221	-13	-7	-6	1	1	1
	222	-13	-7	-5	1	1	1
	223	-13	-7	-4	1	1	1
	224	-13	-7	-3	1	1	1
	225	-13	-7	-2	1	1	1
	226	-13	-7	-1	1	1	1
	227	-13	-7	0	1	1	1
	228	-13	-7	1	1	1	1
	229	-13	-7	2	1	1	1
	230	-13	-7	3	1	1	1
	231	-13	-7	4	1	1	1
	232	-13	-7	5	1	1	1
	233	-13	-7	6	1	1	1
	234	-12	-7	-7	1	1	1
	235	-12	-7	-6	1	1	1
	236	-12	-7	-5	1	1	1
	237	-12	-7	-4	1	1	1
	238	-12	-7	-3	1	1	1
	239	-12	-7	-2	1	1	1
	240	-12	-7	-1	1	1	1
	241	-12	-7	0	1	1	1
	242	-12	-7	1	1	1	1
	243	-12	-7	2	1	1	1
	244	-12	-7	3	1	1	1
	245	-12	-7	4	1	1	1
	246	-12	-7	5	1	1	1
	247	-12	-7	6	1	1	1
	248	-12	-7	7	1	1	1
	249	-11	-7	-7	1	1	1
	250	-11	-7	-6	1	1	1
	251	-11	-7	-5	1	1	1
	252	-11	-7	-4	1	1	1
	253	-11	-7	-3	1	1	1
	254	-11	-7	-2	1	1	1
	255	-11	-7	-1	1	1	1
	256	-11	-7	0	1	1	1
	257	-11	-7	1	1	1	1
	258	-11	-7	2	1	1	1
	259	-11	-7	3	1	1	1
	260	-11	-7	4	1	1	1
	261	-11	-7	5	1	1	1
	262	-11	-7	6	1	1	1
	263	-11	-7	7	1	1	1
	264	-10	-7	-7	1	1	1
	265	-10	-7	-6	1	1	1
	266	-10	-7	-5	1	1	1
	267	-10	-7	-4	1	1	1
	268	-10	-7	-3	1	1	1
	269	-10	-7	-2	1	1	1
	270	-10	-7	-1	1	1	1
	271	-10	-7	0	1	1	1
	272	-10	-7	1	1	1	1
	273	-10	-7	2	1	1	1
	274	-10	-7	3	1	1	1
	275	-10	-7	4	1	1	1
	276	-10	-7	5	1	1	1
	277	-10	-7	6	1	1	1
	278	-10	-7	7	1	1	1
	279	-9	-7	-6	1	1	1
	280	-9	-7	-5	1	1	1
	281	-9	-7	-4	1	1	1
	282	-9	-7	-3	1	1	1
	283	-9	-7	-2	1	1	1
	284	-9	-7	-1	1	1	1
	285	-9	-7	0	1	1	1
	286	-9	-7	1	1	1	1
	287	-9	-7	2	1	1	1
	288	-9	-7	3	1	1	1
	289	-9	-7	4	1	1	1
	290	-9	-7	5	1	1	1
	291	-9	-7	6	1	1	1
	292	-8	-7	-6	1	1	1
	293	-8	-7	-5	1	1	1
	294	-8	-7	-4	1	1	1
	295	-8	-7	-3	1	1	1
	296	-8	-7	-2	1	1	1
	297	-8	-7	-1	1	1	1
	298	-8	-7	0	1	1	1
	299	-8	-7	1	1	1	1
	300	-8	-7	2	1	1	1
	301	-8	-7	3	1	1	1
	302	-8	-7	4	1	1	1
	303	-8	-7	5	1	1	1
	304	-8	-7	6	1	1	1
	305	-7	-7	-5	1	1	1
	306	-7	-7	-4	1	1	1
	307	-7	-7	-3	1	1	1
	308	-7	-7	-2	1	1	1
	309	-7	-7	-1	1	1	1
	310	-7	-7	0	1	1	1
	311	-7	-7	1	1	1	1
	312	-7	-7	2	1	1	1
	313	-7	-7	3	1	1	1
	314	-7	-7	4	1	1	1
	315	-7	-7	5	1	1	1
	316	-6	-7	-5	1	1	1
	317	-6	-7	-4	1	1	1
	318	-6	-7	-3	1	1	1
	319	-6	-7	-2	1	1	1
	320	-6	-7	-1	1	1	1
	321	-6	-7	0	1	1	1
	322	-6	-7	1	1	1	1
	323	-6	-7	2	1	1	1
	324	-6	-7	3	1	1	1
	325	-6	-7	4	1	1	1
	326	-6	-7	5	1	1	1
	327	-5	-7	-3	1	1	1
	328	-5	-7	-2	1	1	1
	329	-5	-7	-1	1	1	1
	330	-5	-7	0	1	1	1
	331	-5	-7	1	1	1	1
	332	-5	-7	2	1	1	1
	333	-5	-7	3	1	1	1
	334	-4	-7	-1	1	1	1
	335	-4	-7	0	1	1	1
	336	-4	-7	1	1	1	1
	337	-19	-6	0	1	1	1
	338	-18	-6	-3	1	1	1
	339	-18	-6	-2	1	1	1
	340	-18	-6	-1	1	1	1
	341	-18	-6	0	1	1	1
	342	-18	-6	1	1	1	1
	343	-18	-6	2	1	1	1
	344	-18	-6	3	1	1	1
	345	-17	-6	-5	1	1	1
	346	-17	-6	-4	1	1	1
	347	-17	-6	-3	1	1	1
	348	-17	-6	-2	1	1	1
	349	-17	-6	-1	1	1	1
	350	-17	-6	0	1	1	1
	351	-17	-6	1	1	1	1
	352	-17	-6	2	1	1	1
	353	-17	-6	3	1	1	1
	354	-17	-6	4	1	1	1
	355	-17	-6	5	1	1	1
	356	-16	-6	-6	1	1	1
	357	-16	-6	-5	1	1	1
	358	-16	-6	-4	1	1	1
	359	-16	-6	-3	1	1	1
	360	-16	-6	-2	1	1	1
	361	-16	-6	-1	1	1	1
	362	-16	-6	0	1	1	1
	363	-16	-6	1	1	1	1
	364	-16	-6	2	1	1	1
	365	-16	-6	3	1	1	1
	366	-16	-6	4	1	1	1
	367	-16	-6	5	1	1	1
	368	-16	-6	6	1	1	1
	369	-15	-6	-6	1	1	1
	370	-15	-6	-5	1	1	1
	371	-15	-6	-4	1	1	1
	372	-15	-6	-3	1	1	1
	373	-15	-6	-2	1	1	1
	374	-15	-6	-1	1	1	1
	375	-15	-6	0	1	1	1
	376	-15	-6	1	1	1	1
	377	-15	-6	2	1	1	1
	378	-15	-6	3	1	1	1
	379	-15	-6	4	1	1	1
	380	-15	-6	5	1	1	1
	381	-15	-6	6	1	1	1
	382	-14	-6	-7	1	1	1
	383	-14	-6	-6	1	1	1
	384	-14	-6	-5	1	1	1
	385	-14	-6	-4	1	1	1
	386	-14	-6	-3	1	1	1
	387	-14	-6	-2	1	1	1
	388	-14	-6	-1	1	1	1
	389	-14	-6	0	1	1	1
	390	-14	-6	1	1	1	1
	391	-14	-6	2	1	1	1
	392	-14	-6	3	1	1	1
	393	-14	-6	4	1	1	1
	394	-14	-6	5	1	1	1
	395	-14	-6	6	1	1	1
	396	-14	-6	7	1	1	1
	397	-13	-6	-7	1	1	1
	398	-13	-6	-6	1	1	1
	399	-13	-6	-5	1	1	1
	400	-13	-6	-4	1	1	1
	401	-13	-6	-3	1	1	1
	402	-13	-6	-2	1	1	1
	403	-13	-6	-1	1	1	1
	404	-13	-6	0	1	1	1
	405	-13	-6	1	1	1	1
	406	-13	-6	2	1	1	1
	407	-13	-6	3	1	1	1
	408	-13	-6	4	1	1	1
	409	-13	-6	5	1	1	1
	410	-13	-6	6	1	1	1
	411	-13	-6	7	1	1	1
	412	-12	-6	-7	1	1	1
	413	-12	-6	-6	1	1	1
	414	-12	-6	-5	1	1	1
	415	-12	-6	-4	1	1	1
	416	-12	-6	-3	1	1	1
	417	-12	-6	-2	1	1	1
	418	-12	-6	-1	1	1	1
	419	-12	-6	0	1	1	1
	420	-12	-6	1	1	1	1
	421	-12	-6	2	1	1	1
	422	-12	-6	3	1	1	1
	423	-12	-6	4	1	1	1
	424	-12	-6	5	1	1	1
	425	-12	-6	6	1	1	1
	426	-12	-6	7	1	1	1
	427	-11	-6	-8	1	1	1
	428	-11	-6	-7	1	1	1
	429	-11	-6	-6	1	1	1
	430	-11	-6	-5	1	1	1
	431	-11	-6	-4	1	1	1
	432	-11	-6	-3	1	1	1
	433	-11	-6	-2	1	1	1
	434	-11	-6	-1	1	1	1
	435	-11	-6	0	1	1	1
	436	-11	-6	1	1	1	1
	437	-11	-6	2	1	1	1
	438	-11	-6	3	1	1	1
	439	-11	-6	4	1	1	1
	440	-11	-6	5	1	1	1
	441	-11	-6	6	1	1	1
	442	-11	-6	7	1	1	1
	443	-11	-6	8	1	1	1
	444	-10	-6	-7	1	1	1
	445	-10	-6	-6	1	1	1
	446	-10	-6	-5	1	1	1
	447	-10	-6	-4	1	1	1
	448	-10	-6	-3	1	1	1
	449	-10	-6	-2	1	1	1
	450	-10	-6	-1	1	1	1
	451	-10	-6	0	1	1	1
	452	-10	-6	1	1	1	1
	453	-10	-6	2	1	1	1
	454	-10	-6	3	1	1	1
	455	-10	-6	4	1	1	1
	456	-10	-6	5	1	1	1
	457	-10	-6	6	1	1	1
	458	-10	-6	7	1	1	1
	459	-9	-6	-7	1	1	1
	460	-9	-6	-6	1	1	1
	461	-9	-6	-5	1	1	1
	462	-9	-6	-4	1	1	1
	463	-9	-6	-3	1	1	1
	464	-9	-6	-2	1	1	1
	465	-9	-6	-1	1	1	1
	466	-9	-6	0	1	1	1
	467	-9	-6	1	1	1	1
	468	-9	-6	2	1	1	1
	469	-9	-6	3	1	1	1
	470	-9	-6	4	1	1	1
	471	-9	-6	5	1	1	1
	472	-9	-6	6	1	1	1
	473	-9	-6	7	1	1	1
	474	-8	-6	-7	1	1	1
	475	-8	-6	-6	1	1	1
	476	-8	-6	-5	1	1	1
	477	-8	-6	-4	1	1	1
	478	-8	-6	-3	1	1	1
	479	-8	-6	-2	1	1	1
	480	-8	-6	-1	1	1	1
	481	-8	-6	0	1	1	1
	482	-8	-6	1	1	1	1
	483	-8	-6	2	1	1	1
	484	-8	-6	3	1	1	1
	485	-8	-6	4	1	1	1
	486	-8	-6	5	1	1	1
	487	-8	-6	6	1	1	1
	488	-8	-6	7	1	1	1
	489	-7	-6	-6	1	1	1
	490	-7	-6	-5	1	1	1
	491	-7	-6	-4	1	1	1
	492	-7	-6	-3	1	1	1
	493	-7	-6	-2	1	1	1
	494	-7	-6	-1	1	1	1
	495	-7	-6	0	1	1	1
	496	-7	-6	1	1	1	1
	497	-7	-6	2	1	1	1
	498	-7	-6	3	1	1	1
	499	-7	-6	4	1	1	1
	500	-7	-6	5	1	1	1
	501	-7	-6	6	1	1	1
	502	-6	-6	-6	1	1	1
	503	-6	-6	-5	1	1	1
	504	-6	-6	-4	1	1	1
	505	-6	-6	-3	1	1	1
	506	-6	-6	-2	1	1	1
	507	-6	-6	-1	1	1	1
	508	-6	-6	0	1	1	1
	509	-6	-6	1	1	1	1
	510	-6	-6	2	1	1	1
	511	-6	-6	3	1	1	1
	512	-6	-6	4	1	1	1
	513	-6	-6	5	1	1	1
	514	-6	-6	6	1	1	1
	515	-5	-6	-5	1	1	1
	516	-5	-6	-4	1	1	1
	517	-5	-6	-3	1	1	1
	518	-5	-6	-2	1	1	1
	519	-5	-6	-1	1	1	1
	520	-5	-6	0	1	1	1
	521	-5	-6	1	1	1	1
	522	-5	-6	2	1	1	1
	523	-5	-6	3	1	1	1
	524	-5	-6	4	1	1	1
	525	-5	-6	5	1	1	1
	526	-4	-6	-3	1	1	1
	527	-4	-6	-2	1	1	1
	528	-4	-6	-1	1	1	1
	529	-4	-6	0	1	1	1
	530	-4	-6	1	1	1	1
	531	-4	-6	2	1	1	1
	532	-4	-6	3	1	1	1
	533	-3	-6	0	1	1	1
	534	-19	-5	-3	1	1	1
	535	-19	-5	-2	1	1	1
	536	-19	-5	-1	1	1	1
	537	-19	-5	0	1	1	1
	538	-19	-5	1	1	1	1
	539	-19	-5	2	1	1	1
	540	-19	-5	3	1	1	1
	541	-18	-5	-5	1	1	1
	542	-18	-5	-4	1	1	1
	543	-18	-5	-3	1	1	1
	544	-18	-5	-2	1	1	1
	545	-18	-5	-1	1	1	1
	546	-18	-5	0	1	1	1
	547	-18	-5	1	1	1	1
	548	-18	-5	2	1	1	1
	549	-18	-5	3	1	1	1
	550	-18	-5	4	1	1	1
	551	-18	-5	5	1	1	1
	552	-17	-5	-6	1	1	1
	553	-17	-5	-5	1	1	1
	554	-17	-5	-4	1	1	1
	555	-17	-5	-3	1	1	1
	556	-17	-5	-2	1	1	1
	557	-17	-5	-1	1	1	1
	558	-17	-5	0	1	1	1
	559	-17	-5	1	1	1	1
	560	-17	-5	2	1	1	1
	561	-17	-5	3	1	1	1
	562	-17	-5	4	1	1	1
	563	-17	-5	5	1	1	1
	564	-17	-5	6	1	1	1
	565	-16	-5	-7	1	1	1
	566	-16	-5	-6	1	1	1
	567	-16	-5	-5	1	1	1
	568	-16	-5	-4	1	1	1
	569	-16	-5	-3	1	1	1
	570	-16	-5	-2	1	1	1
	571	-16	-5	-1	1	1	1
	572	-16	-5	0	1	1	1
	573	-16	-5	1	1	1	1
	574	-16	-5	2	1	1	1
	575	-16	-5	3	1	1	1
	576	-16	-5	4	1	1	1
	577	-16	-5	5	1	1	1
	578	-16	-5	6	1	1	1
	579	-16	-5	7	1	1	1
	580	-15	-5	-7	1	1	1
	581	-15	-5	-6	1	1	1
	582	-15	-5	-5	1	1	1
	583	-15	-5	-4	1	1	1
	584	-15	-5	-3	1	1	1
	585	-15	-5	-2	1	1	1
	586	-15	-5	-1	1	1	1
	587	-15	-5	0	1	1	1
	588	-15	-5	1	1	1	1
	589	-15	-5	2	1	1	1
	590	-15	-5	3	1	1	1
	591	-15	-5	4	1	1	1
	592	-15	-5	5	1	1	1
	593	-15	-5	6	1	1	1
	594	-15	-5	7	1	1	1
	595	-14	-5	-8	1	1	1
	596	-14	-5	-7	1	1	1
	597	-14	-5	-6	1	1	1
	598	-14	-5	-5	1	1	1
	599	-14	-5	-4	1	1	1
	600	-14	-5	-3	1	1	1
	601	-14	-5	-2	1	1	1
	602	-14	-5	-1	1	1	1
	603	-14	-5	0	1	1	1
	604	-14	-5	1	1	1	1
	605	-14	-5	2	1	1	1
	606	-14	-5	3	1	1	1
	607	-14	-5	4	1	1	1
	608	-14	-5	5	1	1	1
	609	-14	-5	6	1	1	1
	610	-14	-5	7	1	1	1
	611	-14	-5	8	1	1	1
	612	-13	-5	-8	1	1	1
	613	-13	-5	-7	1	1	1
	614	-13	-5	-6	1	1	1
	615	-13	-5	-5	1	1	1
	616	-13	-5	-4	1	1	1
	617	-13	-5	-3	1	1	1
	618	-13	-5	-2	1	1	1
	619	-13	-5	-1	1	1	1
	620	-13	-5	0	1	1	1
	621	-13	-5	1	1	1	1
	622	-13	-5	2	1	1	1
	623	-13	-5	3	1	1	1
	624	-13	-5	4	1	1	1
	625	-13	-5	5	1	1	1
	626	-13	-5	6	1	1	1
	627	-13	-5	7	1	1	1
	628	-13	-5	8	1	1	1
	629	-12	-5	-8	1	1	1
	630	-12	-5	-7	1	1	1
	631	-12	-5	-6	1	1	1
	632	-12	-5	-5	1	1	1
	633	-12	-5	-4	1	1	1
	634	-12	-5	-3	1	1	1
	635	-12	-5	-2	1	1	1
	636	-12	-5	-1	1	1	1
	637	-12	-5	0	1	1	1
	638	-12	-5	1	1	1	1
	639	-12	-5	2	1	1	1
	640	-12	-5	3	1	1	1
	641	-12	-5	4	1	1	1
	642	-12	-5	5	1	1	1
	643	-12	-5	6	1	1	1
	644	-12	-5	7	1	1	1
	645	-12	-5	8	1	1	1
	646	-11	-5	-8	1	1	1
	647	-11	-5	-7	1	1	1
	648	-11	-5	-6	1	1	1
	649	-11	-5	-5	1	1	1
	650	-11	-5	-4	1	1	1
	651	-11	-5	-3	1	1	1
	652	-11	-5	-2	1	1	1
	653	-11	-5	-1	1	1	1
	654	-11	-5	0	1	1	1
	655	-11	-5	1	1	1	1
	656	-11	-5	2	1	1	1
	657	-11	-5	3	1	1	1
	658	-11	-5	4	1	1	1
	659	-11	-5	5	1	1	1
	660	-11	-5	6	1	1	1
	661	-11	-5	7	1	1	1
	662	-11	-5	8	1	1	1
	663	-10	-5	-8	1	1	1
	664	-10	-5	-7	1	1	1
	665	-10	-5	-6	1	1	1
	666	-10	-5	-5	1	1	1
	667	-10	-5	-4	1	1	1
	668	-10	-5	-3	1	1	1
	669	-10	-5	-2	1	1	1
	670	-10	-5	-1	1	1	1
	671	-10	-5	0	1	1	1
	672	-10	-5	1	1	1	1
	673	-10	-5	2	1	1	1
	674	-10	-5	3	1	1	1
	675	-10	-5	4	1	1	1
	676	-10	-5	5	1	1	1
	677	-10	-5	6	1	1	1
	678	-10	-5	7	1	1	1
	679	-10	-5	8	1	1	1
	680	-9	-5	-8	1	1	1
	681	-9	-5	-7	1	1	1
	682	-9	-5	-6	1	1	1
	683	-9	-5	-5	1	1	1
	684	-9	-5	-4	1	1	1
	685	-9	-5	-3	1	1	1
	686	-9	-5	-2	1	1	1
	687	-9	-5	-1	1	1	1
	688	-9	-5	0	1	1	1
	689	-9	-5	1	1	1	1
	690	-9	-5	2	1	1	1
	691	-9	-5	3	1	1	1
	692	-9	-5	4	1	1	1
	693	-9	-5	5	1	1	1
	694	-9	-5	6	1	1	1
	695	-9	-5	7	1	1	1
	696	-9	-5	8	1	1	1
	697	-8	-5	-8	1	1	1
	698	-8	-5	-7	1	1	1
	699	-8	-5	-6	1	1	1
	700	-8	-5	-5	1	1	1
	701	-8	-5	-4	1	1	1
	702	-8	-5	-3	1	1	1
	703	-8	-5	-2	1	1	1
	704	-8	-5	-1	1	1	1
	705	-8	-5	0	1	1	1
	706	-8	-5	1	1	1	1
	707	-8	-5	2	1	1	1
	708	-8	-5	3	1	1	1
	709	-8	-5	4	1	1	1
	710	-8	-5	5	1	1	1
	711	-8	-5	6	1	1	1
	712	-8	-5	7	1	1	1
	713	-8	-5	8	1	1	1
	714	-7	-5	-7	1	1	1
	715	-7	-5	-6	1	1	1
	716	-7	-5	-5	1	1	1
	717	-7	-5	-4	1	1	1
	718	-7	-5	-3	1	1	1
	719	-7	-5	-2	1	1	1
	720	-7	-5	-1	1	1	1
	721	-7	-5	0	1	1	1
	722	-7	-5	1	1	1	1
	723	-7	-5	2	1	1	1
	724	-7	-5	3	1	1	1
	725	-7	-5	4	1	1	1
	726	-7	-5	5	1	1	1
	727	-7	-5	6	1	1	1
	728	-7	-5	7	1	1	1
	729	-6	-5	-7	1	1	1
	730	-6	-5	-6	1	1	1
	731	-6	-5	-5	1	1	1
	732	-6	-5	-4	1	1	1
	733	-6	-5	-3	1	1	1
	734	-6	-5	-2	1	1	1
	735	-6	-5	-1	1	1	1
	736	-6	-5	0	1	1	1
	737	-6	-5	1	1	1	1
	738	-6	-5	2	1	1	1
	739	-6	-5	3	1	1	1
	740	-6	-5	4	1	1	1
	741	-6	-5	5	1	1	1
	742	-6	-5	6	1	1	1
	743	-6	-5	7	1	1	1
	744	-5	-5	-6	1	1	1
	745	-5	-5	-5	1	1	1
	746	-5	-5	-4	1	1	1
	747	-5	-5	-3	1	1	1
	748	-5	-5	-2	1	1	1
	749	-5	-5	-1	1	1	1
	750	-5	-5	0	1	1	1
	751	-5	-5	1	1	1	1
	752	-5	-5	2	1	1	1
	753	-5	-5	3	1	1	1
	754	-5	-5	4	1	1	1
	755	-5	-5	5	1	1	1
	756	-5	-5	6	1	1	1
	757	-4	-5	-5	1	1	1
	758	-4	-5	-4	1	1	1
	759	-4	-5	-3	1	1	1
	760	-4	-5	-2	1	1	1
	761	-4	-5	-1	1	1	1
	762	-4	-5	0	1	1	1
	763	-4	-5	1	1	1	1
	764	-4	-5	2	1	1	1
	765	-4	-5	3	1	1	1
	766	-4	-5	4	1	1	1
	767	-4	-5	5	1	1	1
	768	-3	-5	-3	1	1	1
	769	-3	-5	-2	1	1	1
	770	-3	-5	-1	1	1	1
	771	-3	-5	0	1	1	1
	772	-3	-5	1	1	1	1
	773	-3	-5	2	1	1	1
	774	-3	-5	3	1	1	1
	775	-20	-4	-1	1	1	1
	776	-20	-4	0	1	1	1
	777	-20	-4	1	1	1	1
	778	-19	-4	-4	1	1	1
	779	-19	-4	-3	1	1	1
	780	-19	-4	-2	1	1	1
	781	-19	-4	-1	1	1	1
	782	-19	-4	0	1	1	1
	783	-19	-4	1	1	1	1
	784	-19	-4	2	1	1	1
	785	-19	-4	3	1	1	1
	786	-19	-4	4	1	1	1
	787	-18	-4	-5	1	1	1
	788	-18	-4	-4	1	1	1
	789	-18	-4	-3	1	1	1
	790	-18	-4	-2	1	1	1
	791	-18	-4	-1	1	1	1
	792	-18	-4	0	1	1	1
	793	-18	-4	1	1	1	1
	794	-18	-4	2	1	1	1
	795	-18	-4	3	1	1	1
	796	-18	-4	4	1	1	1
	797	-18	-4	5	1	1	1
	798	-17	-4	-6	1	1	1
	799	-17	-4	-5	1	1	1
	800	-17	-4	-4	1	1	1
	801	-17	-4	-3	1	1	1
	802	-17	-4	-2	1	1	1
	803	-17	-4	-1	1	1	1
	804	-17	-4	0	1	1	1
	805	-17	-4	1	1	1	1
	806	-17	-4	2	1	1	1
	807	-17	-4	3	1	1	1
	808	-17	-4	4	1	1	1
	809	-17	-4	5	1	1	1
	810	-17	-4	6	1	1	1
	811	-16	-4	-7	1	1	1
	812	-16	-4	-6	1	1	1
	813	-16	-4	-5	1	1	1
	814	-16	-4	-4	1	1	1
	815	-16	-4	-3	1	1	1
	816	-16	-4	-2	1	1	1
	817	-16	-4	-1	1	1	1
	818	-16	-4	0	1	1	1
	819	-16	-4	1	1	1	1
	820	-16	-4	2	1	1	1
	821	-16	-4	3	1	1	1
	822	-16	-4	4	1	1	1
	823	-16	-4	5	1	1	1
	824	-16	-4	6	1	1	1
	825	-16	-4	7	1	1	1
	826	-15	-4	-8	1	1	1
	827	-15	-4	-7	1	1	1
	828	-15	-4	-6	1	1	1
	829	-15	-4	-5	1	1	1
	830	-15	-4	-4	1	1	1
	831	-15	-4	-3	1	1	1
	832	-15	-4	-2	1	1	1
	833	-15	-4	-1	1	1	1
	834	-15	-4	0	1	1	1
	835	-15	-4	1	1	1	1
	836	-15	-4	2	1	1	1
	837	-15	-4	3	1	1	1
	838	-15	-4	4	1	1	1
	839	-15	-4	5	1	1	1
	840	-15	-4	6	1	1	1
	841	-15	-4	7	1	1	1
	842	-15	-4	8	1	1	1
	843	-14	-4	-8	1	1	1
	844	-14	-4	-7	1	1	1
	845	-14	-4	-6	1	1	1
	846	-14	-4	-5	1	1	1
	847	-14	-4	-4	1	1	1
	848	-14	-4	-3	1	1	1
	849	-14	-4	-2	1	1	1
	850	-14	-4	-1	1	1	1
	851	-14	-4	0	1	1	1
	852	-14	-4	1	1	1	1
	853	-14	-4	2	1	1	1
	854	-14	-4	3	1	1	1
	855	-14	-4	4	1	1	1
	856	-14	-4	5	1	1	1
	857	-14	-4	6	1	1	1
	858	-14	-4	7	1	1	1
	859	-14	-4	8	1	1	1
	860	-13	-4	-8	1	1	1
	861	-13	-4	-7	1	1	1
	862	-13	-4	-6	1	1	1
	863	-13	-4	-5	1	1	1
	864	-13	-4	-4	1	1	1
	865	-13	-4	-3	1	1	1
	866	-13	-4	-2	1	1	1
	867	-13	-4	-1	1	1	1
	868	-13	-4	0	1	1	1
	869	-13	-4	1	1	1	1
	870	-13	-4	2	1	1	1
	871	-13	-4	3	1	1	1
	872	-13	-4	4	1	1	1
	873	-13	-4	5	1	1	1
	874	-13	-4	6	1	1	1
	875	-13	-4	7	1	1	1
	876	-13	-4	8	1	1	1
	877	-12	-4	-9	1	1	1
	878	-12	-4	-8	1	1	1
	879	-12	-4	-7	1	1	1
	880	-12	-4	-6	1	1	1
	881	-12	-4	-5	1	1	1
	882	-12	-4	-4	1	1	1
	883	-12	-4	-3	1	1	1
	884	-12	-4	-2	1	1	1
	885	-12	-4	-1	1	1	1
	886	-12	-4	0	1	1	1
	887	-12	-4	1	1	1	1
	888	-12	-4	2	1	1	1
	889	-12	-4	3	1	1	1
	890	-12	-4	4	1	1	1
	891	-12	-4	5	1	1	1
	892	-12	-4	6	1	1	1
	893	-12	-4	7	1	1	1
	894	-12	-4	8	1	1	1
	895	-12	-4	9	1	1	1
	896	-11	-4	-9	1	1	1
	897	-11	-4	-8	1	1	1
	898	-11	-4	-7	1	1	1
	899	-11	-4	-6	1	1	1
	900	-11	-4	-5	1	1	1
	901	-11	-4	-4	1	1	1
	902	-11	-4	-3	1	1	1
	903	-11	-4	-2	1	1	1
	904	-11	-4	-1	1	1	1
	905	-11	-4	0	1	1	1
	906	-11	-4	1	1	1	1
	907	-11	-4	2	1	1	1
	908	-11	-4	3	1	1	1
	909	-11	-4	4	1	1	1
	910	-11	-4	5	1	1	1
	911	-11	-4	6	1	1	1
	912	-11	-4	7	1	1	1
	913	-11	-4	8	1	1	1
	914	-11	-4	9	1	1	1
	915	-10	-4	-9	1	1	1
	916	-10	-4	-8	1	1	1
	917	-10	-4	-7	1	1	1
	918	-10	-4	-6	1	1	1
	919	-10	-4	-5	1	1	1
	920	-10	-4	-4	1	1	1
	921	-10	-4	-3	1	1	1
	922	-10	-4	-2	1	1	1
	923	-10	-4	-1	1	1	1
	924	-10	-4	0	1	1	1
	925	-10	-4	1	1	1	1
	926	-10	-4	2	1	1	1
	927	-10	-4	3	1	1	1
	928	-10	-4	4	1	1	1
	929	-10	-4	5	1	1	1
	930	-10	-4	6	1	1	1
	931	-10	-4	7	1	1	1
	932	-10	-4	8	1	1	1
	933	-10	-4	9	1	1	1
	934	-9	-4	-8	1	1	1
	935	-9	-4	-7	1	1	1
	936	-9	-4	-6	1	1	1
	937	-9	-4	-5	1	1	1
	938	-9	-4	-4	1	1	1
	939	-9	-4	-3	1	1	1
	940	-9	-4	-2	1	1	1
	941	-9	-4	-1	1	1	1
	942	-9	-4	0	1	1	1
	943	-9	-4	1	1	1	1
	944	-9	-4	2	1	1	1
	945	-9	-4	3	1	1	1
	946	-9	-4	4	1	1	1
	947	-9	-4	5	1	1	1
	948	-9	-4	6	1	1	1
	949	-9	-4	7	1	1	1
	950	-9	-4	8	1	1	1
	951	-8	-4	-8	1	1	1
	952	-8	-4	-7	1	1	1
	953	-8	-4	-6	1	1	1
	954	-8	-4	-5	1	1	1
	955	-8	-4	-4	1	1	1
	956	-8	-4	-3	1	1	1
	957	-8	-4	-2	1	1	1
	958	-8	-4	-1	1	1	1
	959	-8	-4	0	1	1	1
	960	-8	-4	1	1	1	1
	961	-8	-4	2	1	1	1
	962	-8	-4	3	1	1	1
	963	-8	-4	4	1	1	1
	964	-8	-4	5	1	1	1
	965	-8	-4	6	1	1	1
	966	-8	-4	7	1	1	1
	967	-8	-4	8	1	1	1
	968	-7	-4	-8	1	1	1
	969	-7	-4	-7	1	1	1
	970	-7	-4	-6	1	1	1
	971	-7	-4	-5	1	1	1
	972	-7	-4	-4	1	1	1
	973	-7	-4	-3	1	1	1
	974	-7	-4	-2	1	1	1
	975	-7	-4	-1	1	1	1
	976	-7	-4	0	1	1	1
	977	-7	-4	1	1	1	1
	978	-7	-4	2	1	1	1
	979	-7	-4	3	1	1	1
	980	-7	-4	4	1	1	1
	981	-7	-4	5	1	1	1
	982	-7	-4	6	1	1	1
	983	-7	-4	7	1	1	1
	984	-7	-4	8	1	1	1
	985	-6	-4	-7	1	1	1
	986	-6	-4	-6	1	1	1
	987	-6	-4	-5	1	1	1
	988	-6	-4	-4	1	1	1
	989	-6	-4	-3	1	1	1
	990	-6	-4	-2	1	1	1
	991	-6	-4	-1	1	1	1
	992	-6	-4	0	1	1	1
	993	-6	-4	1	1	1	1
	994	-6	-4	2	1	1	1
	995	-6	-4	3	1	1	1
	996	-6	-4	4	1	1	1
	997	-6	-4	5	1	1	1
	998	-6	-4	6	1	1	1
	999	-6	-4	7	1	1	1
	1000	-5	-4	-6	1	1	1
	1001	-5	-4	-5	1	1	1
	1002	-5	-4	-4	1	1	1
	1003	-5	-4	-3	1	1	1
	1004	-5	-4	-2	1	1	1
	1005	-5	-4	-1	1	1	1
	1006	-5	-4	0	1	1	1
	1007	-5	-4	1	1	1	1
	1008	-5	-4	2	1	1	1
	1009	-5	-4	3	1	1	1
	1010	-5	-4	4	1	1	1
	1011	-5	-4	5	1	1	1
	1012	-5	-4	6	1	1	1
	1013	-4	-4	-5	1	1	1
	1014	-4	-4	-4	1	1	1
	1015	-4	-4	-3	1	1	1
	1016	-4	-4	-2	1	1	1
	1017	-4	-4	-1	1	1	1
	1018	-4	-4	0	1	1	1
	1019	-4	-4	1	1	1	1
	1020	-4	-4	2	1	1	1
	1021	-4	-4	3	1	1	1
	1022	-4	-4	4	1	1	1
	1023	-4	-4	5	1	1	1
	1024	-3	-4	-4	1	1	1
	1025	-3	-4	-3	1	1	1
	1026	-3	-4	-2	1	1	1
	1027	-3	-4	-1	1	1	1
	1028	-3	-4	0	1	1	1
	1029	-3	-4	1	1	1	1
	1030	-3	-4	2	1	1	1
	1031	-3	-4	3	1	1	1
	1032	-3	-4	4	1	1	1
	1033	-2	-4	-1	1	1	1
	1034	-2	-4	0	1	1	1
	1035	-2	-4	1	1	1	1
	1036	-20	-3	-3	1	1	1
	1037	-20	-3	-2	1	1	1
	1038	-20	-3	-1	1	1	1
	1039	-20	-3	0	1	1	1
	1040	-20	-3	1	1	1	1
	1041	-20	-3	2	1	1	1
	1042	-20	-3	3	1	1	1
	1043	-19	-3	-5	1	1	1
	1044	-19	-3	-4	1	1	1
	1045	-19	-3	-3	1	1	1
	1046	-19	-3	-2	1	1	1
	1047	-19	-3	-1	1	1	1
	1048	-19	-3	0	1	1	1
	1049	-19	-3	1	1	1	1
	1050	-19	-3	2	1	1	1
	1051	-19	-3	3	1	1	1
	1052	-19	-3	4	1	1	1
	1053	-19	-3	5	1	1	1
	1054	-18	-3	-6	1	1	1
	1055	-18	-3	-5	1	1	1
	1056	-18	-3	-4	1	1	1
	1057	-18	-3	-3	1	1	1
	1058	-18	-3	-2	1	1	1
	1059	-18	-3	-1	1	1	1
	1060	-18	-3	0	1	1	1
	1061	-18	-3	1	1	1	1
	1062	-18	-3	2	1	1	1
	1063	-18	-3	3	1	1	1
	1064	-18	-3	4	1	1	1
	1065	-18	-3	5	1	1	1
	1066	-18	-3	6	1	1	1
	1067	-17	-3	-7	1	1	1
	1068	-17	-3	-6	1	1	1
	1069	-17	-3	-5	1	1	1
	1070	-17	-3	-4	1	1	1
	1071	-17	-3	-3	1	1	1
	1072	-17	-3	-2	1	1	1
	1073	-17	-3	-1	1	1	1
	1074	-17	-3	0	1	1	1
	1075	-17	-3	1	1	1	1
	1076	-17	-3	2	1	1	1
	1077	-17	-3	3	1	1	1
	1078	-17	-3	4	1	1	1
	1079	-17	-3	5	1	1	1
	1080	-17	-3	6	1	1	1
	1081	-17	-3	7	1	1	1
	1082	-16	-3	-8	1	1	1
	1083	-16	-3	-7	1	1	1
	1084	-16	-3	-6	1	1	1
	1085	-16	-3	-5	1	1	1
	1086	-16	-3	-4	1	1	1
	1087	-16	-3	-3	1	1	1
	1088	-16	-3	-2	1	1	1
	1089	-16	-3	-1	1	1	1
	1090	-16	-3	0	1	1	1
	1091	-16	-3	1	1	1	1
	1092	-16	-3	2	1	1	1
	1093	-16	-3	3	1	1	1
	1094	-16	-3	4	1	1	1
	1095	-16	-3	5	1	1	1
	1096	-16	-3	6	1	1	1
	1097	-16	-3	7	1	1	1
	1098	-16	-3	8	1	1	1
	1099	-15	-3	-8	1	1	1
	1100	-15	-3	-7	1	1	1
	1101	-15	-3	-6	1	1	1
	1102	-15	-3	-5	1	1	1
	1103	-15	-3	-4	1	1	1
	1104	-15	-3	-3	1	1	1
	1105	-15	-3	-2	1	1	1
	1106	-15	-3	-1	1	1	1
	1107	-15	-3	0	1	1	1
	1108	-15	-3	1	1	1	1
	1109	-15	-3	2	1	1	1
	1110	-15	-3	3	1	1	1
	1111	-15	-3	4	1	1	1
	1112	-15	-3	5	1	1	1
	1113	-15	-3	6	1	1	1
	1114	-15	-3	7	1	1	1
	1115	-15	-3	8	1	1	1
	1116	-14	-3	-9	1	1	1
	1117	-14	-3	-8	1	1	1
	1118	-14	-3	-7	1	1	1
	1119	-14	-3	-6	1	1	1
	1120	-14	-3	-5	1	1	1
	1121	-14	-3	-4	1	1	1
	1122	-14	-3	-3	1	1	1
	1123	-14	-3	-2	1	1	1
	1124	-14	-3	-1	1	1	1
	1125	-14	-3	0	1	1	1
	1126	-14	-3	1	1	1	1
	1127	-14	-3	2	1	1	1
	1128	-14	-3	3	1	1	1
	1129	-14	-3	4	1	1	1
	1130	-14	-3	5	1	1	1
	1131	-14	-3	6	1	1	1
	1132	-14	-3	7	1	1	1
	1133	-14	-3	8	1	1	1
	1134	-14	-3	9	1	1	1
	1135	-13	-3	-9	1	1	1
	1136	-13	-3	-8	1	1	1
	1137	-13	-3	-7	1	1	1
	1138	-13	-3	-6	1	1	1
	1139	-13	-3	-5	1	1	1
	1140	-13	-3	-4	1	1	1
	1141	-13	-3	-3	1	1	1
	1142	-13	-3	-2	1	1	1
	1143	-13	-3	-1	1	1	1
	1144	-13	-3	0	1	1	1
	1145	-13	-3	1	1	1	1
	1146	-13	-3	2	1	1	1
	1147	-13	-3	3	1	1	1
	1148	-13	-3	4	1	1	1
	1149	-13	-3	5	1	1	1
	1150	-13	-3	6	1	1	1
	1151	-13	-3	7	1	1	1
	1152	-13	-3	8	1	1	1
	1153	-13	-3	9	1	1	1
	1154	-12	-3	-9	1	1	1
	1155	-12	-3	-8	1	1	1
	1156	-12	-3	-7	1	1	1
	1157	-12	-3	-6	1	1	1
	1158	-12	-3	-5	1	1	1
	1159	-12	-3	-4	1	1	1
	1160	-12	-3	-3	1	1	1
	1161	-12	-3	-2	1	1	1
	1162	-12	-3	-1	1	1	1
	1163	-12	-3	0	1	1	1
	1164	-12	-3	1	1	1	1
	1165	-12	-3	2	1	1	1
	1166	-12	-3	3	1	1	1
	1167	-12	-3	4	1	1	1
	1168	-12	-3	5	1	1	1
	1169	-12	-3	6	1	1	1
	1170	-12	-3	7	1	1	1
	1171	-12	-3	8	1	1	1
	1172	-12	-3	9	1	1	1
	1173	-11	-3	-9	1	1	1
	1174	-11	-3	-8	1	1	1
	1175	-11	-3	-7	1	1	1
	1176	-11	-3	-6	1	1	1
	1177	-11	-3	-5	1	1	1
	1178	-11	-3	-4	1	1	1
	1179	-11	-3	-3	1	1	1
	1180	-11	-3	-2	1	1	1
	1181	-11	-3	-1	1	1	1
	1182	-11	-3	0	1	1	1
	1183	-11	-3	1	1	1	1
	1184	-11	-3	2	1	1	1
	1185	-11	-3	3	1	1	1
	1186	-11	-3	4	1	1	1
	1187	-11	-3	5	1	1	1
	1188	-11	-3	6	1	1	1
	1189	-11	-3	7	1	1	1
	1190	-11	-3	8	1	1	1
	1191	-11	-3	9	1	1	1
	1192	-10	-3	-9	1	1	1
	1193	-10	-3	-8	1	1	1
	1194	-10	-3	-7	1	1	1
	1195	-10	-3	-6	1	1	1
	1196	-10	-3	-5	1	1	1
	1197	-10	-3	-4	1	1	1
	1198	-10	-3	-3	1	1	1
	1199	-10	-3	-2	1	1	1
	1200	-10	-3	-1	1	1	1
	1201	-10	-3	0	1	1	1
	1202	-10	-3	1	1	1	1
	1203	-10	-3	2	1	1	1
	1204	-10	-3	3	1	1	1
	1205	-10	-3	4	1	1	1
	1206	-10	-3	5	1	1	1
	1207	-10	-3	6	1	1	1
	1208	-10	-3	7	1	1	1
	1209	-10	-3	8	1	1	1
	1210	-10	-3	9	1	1	1
	1211	-9	-3	-9	1	1	1
	1212	-9	-3	-8	1	1	1
	1213	-9	-3	-7	1	1	1
	1214	-9	-3	-6	1	1	1
	1215	-9	-3	-5	1	1	1
	1216	-9	-3	-4	1	1	1
	1217	-9	-3	-3	1	1	1
	1218	-9	-3	-2	1	1	1
	1219	-9	-3	-1	1	1	1
	1220	-9	-3	0	1	1	1
	1221	-9	-3	1	1	1	1
	1222	-9	-3	2	1	1	1
	1223	-9	-3	3	1	1	1
	1224	-9	-3	4	1	1	1
	1225	-9	-3	5	1	1	1
	1226	-9	-3	6	1	1	1
	1227	-9	-3	7	1	1	1
	1228	-9	-3	8	1	1	1
	1229	-9	-3	9	1	1	1
	1230	-8	-3	-9	1	1	1
	1231	-8	-3	-8	1	1	1
	1232	-8	-3	-7	1	1	1
	1233	-8	-3	-6	1	1	1
	1234	-8	-3	-5	1	1	1
	1235	-8	-3	-4	1	1	1
	1236	-8	-3	-3	1	1	1
	1237	-8	-3	-2	1	1	1
	1238	-8	-3	-1	1	1	1
	1239	-8	-3	0	1	1	1
	1240	-8	-3	1	1	1	1
	1241	-8	-3	2	1	1	1
	1242	-8	-3	3	1	1	1
	1243	-8	-3	4	1	1	1
	1244	-8	-3	5	1	1	1
	1245	-8	-3	6	1	1	1
	1246	-8	-3	7	1	1	1
	1247	-8	-3	8	1	1	1
	1248	-8	-3	9	1	1	1
	1249	-7	-3	-8	1	1	1
	1250	-7	-3	-7	1	1	1
	1251	-7	-3	-6	1	1	1
	1252	-7	-3	-5	1	1	1
	1253	-7	-3	-4	1	1	1
	1254	-7	-3	-3	1	1	1
	1255	-7	-3	-2	1	1	1
	1256	-7	-3	-1	1	1	1
	1257	-7	-3	0	1	1	1
	1258	-7	-3	1	1	1	1
	1259	-7	-3	2	1	1	1
	1260	-7	-3	3	1	1	1
	1261	-7	-3	4	1	1	1
	1262	-7	-3	5	1	1	1
	1263	-7	-3	6	1	1	1
	1264	-7	-3	7	1	1	1
	1265	-7	-3	8	1	1	1
	1266	-6	-3	-8	1	1	1
	1267	-6	-3	-7	1	1	1
	1268	-6	-3	-6	1	1	1
	1269	-6	-3	-5	1	1	1
	1270	-6	-3	-4	1	1	1
	1271	-6	-3	-3	1	1	1
	1272	-6	-3	-2	1	1	1
	1273	-6	-3	-1	1	1	1
	1274	-6	-3	0	1	1	1
	1275	-6	-3	1	1	1	1
	1276	-6	-3	2	1	1	1
	1277	-6	-3	3	1	1	1
	1278	-6	-3	4	1	1	1
	1279	-6	-3	5	1	1	1
	1280	-6	-3	6	1	1	1
	1281	-6	-3	7	1	1	1
	1282	-6	-3	8	1	1	1
	1283	-5	-3	-7	1	1	1
	1284	-5	-3	-6	1	1	1
	1285	-5	-3	-5	1	1	1
	1286	-5	-3	-4	1	1	1
	1287	-5	-3	-3	1	1	1
	1288	-5	-3	-2	1	1	1
	1289	-5	-3	-1	1	1	1
	1290	-5	-3	0	1	1	1
	1291	-5	-3	1	1	1	1
	1292	-5	-3	2	1	1	1
	1293	-5	-3	3	1	1	1
	1294	-5	-3	4	1	1	1
	1295	-5	-3	5	1	1	1
	1296	-5	-3	6	1	1	1
	1297	-5	-3	7	1	1	1
	1298	-4	-3	-6	1	1	1
	1299	-4	-3	-5	1	1	1
	1300	-4	-3	-4	1	1	1
	1301	-4	-3	-3	1	1	1
	1302	-4	-3	-2	1	1	1
	1303	-4	-3	-1	1	1	1
	1304	-4	-3	0	1	1	1
	1305	-4	-3	1	1	1	1
	1306	-4	-3	2	1	1	1
	1307	-4	-3	3	1	1	1
	1308	-4	-3	4	1	1	1
	1309	-4	-3	5	1	1	1
	1310	-4	-3	6	1	1	1
	1311	-3	-3	-5	1	1	1
	1312	-3	-3	-4	1	1	1
	1313	-3	-3	-3	1	1	1
	1314	-3	-3	-2	1	1	1
	1315	-3	-3	-1	1	1	1
	1316	-3	-3	0	1	1	1
	1317	-3	-3	1	1	1	1
	1318	-3	-3	2	1	1	1
	1319	-3	-3	3	1	1	1
	1320	-3	-3	4	1	1	1
	1321	-3	-3	5	1	1	1
	1322	-2	-3	-3	1	1	1
	1323	-2	-3	-2	1	1	1
	1324	-2	-3	-1	1	1	1
	1325	-2	-3	0	1	1	1
	1326	-2	-3	1	1	1	1
	1327	-2	-3	2	1	1	1
	1328	-2	-3	3	1	1	1
	1329	-20	-2	-3	1	1	1
	1330	-20	-2	-2	1	1	1
	1331	-20	-2	-1	1	1	1
	1332	-20	-2	0	1	1	1
	1333	-20	-2	1	1	1	1
	1334	-20	-2	2	1	1	1
	1335	-20	-2	3	1	1	1
	1336	-19	-2	-5	1	1	1
	1337	-19	-2	-4	1	1	1
	1338	-19	-2	-3	1	1	1
	1339	-19	-2	-2	1	1	1
	1340	-19	-2	-1	1	1	1
	1341	-19	-2	0	1	1	1
	1342	-19	-2	1	1	1	1
	1343	-19	-2	2	1	1	1
	1344	-19	-2	3	1	1	1
	1345	-19	-2	4	1	1	1
	1346	-19	-2	5	1	1	1
	1347	-18	-2	-6	1	1	1
	1348	-18	-2	-5	1	1	1
	1349	-18	-2	-4	1	1	1
	1350	-18	-2	-3	1	1	1
	1351	-18	-2	-2	1	1	1
	1352	-18	-2	-1	1	1	1
	1353	-18	-2	0	1	1	1
	1354	-18	-2	1	1	1	1
	1355	-18	-2	2	1	1	1
	1356	-18	-2	3	1	1	1
	1357	-18	-2	4	1	1	1
	1358	-18	-2	5	1	1	1
	1359	-18	-2	6	1	1	1
	1360	-17	-2	-7	1	1	1
	1361	-17	-2	-6	1	1	1
	1362	-17	-2	-5	1	1	1
	1363	-17	-2	-4	1	1	1
	1364	-17	-2	-3	1	1	1
	1365	-17	-2	-2	1	1	1
	1366	-17	-2	-1	1	1	1
	1367	-17	-2	0	1	1	1
	1368	-17	-2	1	1	1	1
	1369	-17	-2	2	1	1	1
	1370	-17	-2	3	1	1	1
	1371	-17	-2	4	1	1	1
	1372	-17	-2	5	1	1	1
	1373	-17	-2	6	1	1	1
	1374	-17	-2	7	1	1	1
	1375	-16	-2	-8	1	1	1
	1376	-16	-2	-7	1	1	1
	1377	-16	-2	-6	1	1	1
	1378	-16	-2	-5	1	1	1
	1379	-16	-2	-4	1	1	1
	1380	-16	-2	-3	1	1	1
	1381	-16	-2	-2	1	1	1
	1382	-16	-2	-1	1	1	1
	1383	-16	-2	0	1	1	1
	1384	-16	-2	1	1	1	1
	1385	-16	-2	2	1	1	1
	1386	-16	-2	3	1	1	1
	1387	-16	-2	4	1	1	1
	1388	-16	-2	5	1	1	1
	1389	-16	-2	6	1	1	1
	1390	-16	-2	7	1	1	1
	1391	-16	-2	8	1	1	1
	1392	-15	-2	-8	1	1	1
	1393	-15	-2	-7	1	1	1
	1394	-15	-2	-6	1	1	1
	1395	-15	-2	-5	1	1	1
	1396	-15	-2	-4	1	1	1
	1397	-15	-2	-3	1	1	1
	1398	-15	-2	-2	1	1	1
	1399	-15	-2	-1	1	1	1
	1400	-15	-2	0	1	1	1
	1401	-15	-2	1	1	1	1
	1402	-15	-2	2	1	1	1
	1403	-15	-2	3	1	1	1
	1404	-15	-2	4	1	1	1
	1405	-15	-2	5	1	1	1
	1406	-15	-2	6	1	1	1
	1407	-15	-2	7	1	1	1
	1408	-15	-2	8	1	1	1
	1409	-14	-2	-9	1	1	1
	1410	-14	-2	-8	1	1	1
	1411	-14	-2	-7	1	1	1
	1412	-14	-2	-6	1	1	1
	1413	-14	-2	-5	1	1	1
	1414	-14	-2	-4	1	1	1
	1415	-14	-2	-3	1	1	1
	1416	-14	-2	-2	1	1	1
	1417	-14	-2	-1	1	1	1
	1418	-14	-2	0	1	1	1
	1419	-14	-2	1	1	1	1
	1420	-14	-2	2	1	1	1
	1421	-14	-2	3	1	1	1
	1422	-14	-2	4	1	1	1
	1423	-14	-2	5	1	1	1
	1424	-14	-2	6	1	1	1
	1425	-14	-2	7	1	1	1
	1426	-14	-2	8	1	1	1
	1427	-14	-2	9	1	1	1
	1428	-13	-2	-9	1	1	1
	1429	-13	-2	-8	1	1	1
	1430	-13	-2	-7	1	1	1
	1431	-13	-2	-6	1	1	1
	1432	-13	-2	-5	1	1	1
	1433	-13	-2	-4	1	1	1
	1434	-13	-2	-3	1	1	1
	1435	-13	-2	-2	1	1	1
	1436	-13	-2	-1	1	1	1
	1437	-13	-2	0	1	1	1
	1438	-13	-2	1	1	1	1
	1439	-13	-2	2	1	1	1
	1440	-13	-2	3	1	1	1
	1441	-13	-2	4	1	1	1
	1442	-13	-2	5	1	1	1
	1443	-13	-2	6	1	1	1
	1444	-13	-2	7	1	1	1
	1445	-13	-2	8	1	1	1
	1446	-13	-2	9	1	1	1
	1447	-12	-2	-9	1	1	1
	1448	-12	-2	-8	1	1	1
	1449	-12	-2	-7	1	1	1
	1450	-12	-2	-6	1	1	1
	1451	-12	-2	-5	1	1	1
	1452	-12	-2	-4	1	1	1
	1453	-12	-2	-3	1	1	1
	1454	-12	-2	-2	1	1	1
	1455	-12	-2	-1	1	1	1
	1456	-12	-2	0	1	1	1
	1457	-12	-2	1	1	1	1
	1458	-12	-2	2	1	1	1
	1459	-12	-2	3	1	1	1
	1460	-12	-2	4	1	1	1
	1461	-12	-2	5	1	1	1
	1462	-12	-2	6	1	1	1
	1463	-12	-2	7	1	1	1
	1464	-12	-2	8	1	1	1
	1465	-12	-2	9	1	1	1
	1466	-11	-2	-9	1	1	1
	1467	-11	-2	-8	1	1	1
	1468	-11	-2	-7	1	1	1
	1469	-11	-2	-6	1	1	1
	1470	-11	-2	-5	1	1	1
	1471	-11	-2	-4	1	1	1
	1472	-11	-2	-3	1	1	1
	1473	-11	-2	-2	1	1	1
	1474	-11	-2	-1	1	1	1
	1475	-11	-2	0	1	1	1
	1476	-11	-2	1	1	1	1
	1477	-11	-2	2	1	1	1
	1478	-11	-2	3	1	1	1
	1479	-11	-2	4	1	1	1
	1480	-11	-2	5	1	1	1
	1481	-11	-2	6	1	1	1
	1482	-11	-2	7	1	1	1
	1483	-11	-2	8	1	1	1
	1484	-11	-2	9	1	1	1
	1485	-10	-2	-9	1	1	1
	1486	-10	-2	-8	1	1	1
	1487	-10	-2	-7	1	1	1
	1488	-10	-2	-6	1	1	1
	1489	-10	-2	-5	1	1	1
	1490	-10	-2	-4	1	1	1
	1491	-10	-2	-3	1	1	1
	1492	-10	-2	-2	1	1	1
	1493	-10	-2	-1	1	1	1
	1494	-10	-2	0	1	1	1
	1495	-10	-2	1	1	1	1
	1496	-10	-2	2	1	1	1
	1497	-10	-2	3	1	1	1
	1498	-10	-2	4	1	1	1
	1499	-10	-2	5	1	1	1
	1500	-10	-2	6	1	1	1
	1501	-10	-2	7	1	1	1
	1502	-10	-2	8	1	1	1
	1503	-10	-2	9	1	1	1
	1504	-9	-2	-9	1	1	1
	1505	-9	-2	-8	1	1	1
	1506	-9	-2	-7	1	1	1
	1507	-9	-2	-6	1	1	1
	1508	-9	-2	-5	1	1	1
	1509	-9	-2	-4	1	1	1
	1510	-9	-2	-3	1	1	1
	1511	-9	-2	-2	1	1	1
	1512	-9	-2	-1	1	1	1
	1513	-9	-2	0	1	1	1
	1514	-9	-2	1	1	1	1
	1515	-9	-2	2	1	1	1
	1516	-9	-2	3	1	1	1
	1517	-9	-2	4	1	1	1
	1518	-9	-2	5	1	1	1
	1519	-9	-2	6	1	1	1
	1520	-9	-2	7	1	1	1
	1521	-9	-2	8	1	1	1
	1522	-9	-2	9	1	1	1
	1523	-8	-2	-9	1	1	1
	1524	-8	-2	-8	1	1	1
	1525	-8	-2	-7	1	1	1
	1526	-8	-2	-6	1	1	1
	1527	-8	-2	-5	1	1	1
	1528	-8	-2	-4	1	1	1
	1529	-8	-2	-3	1	1	1
	1530	-8	-2	-2	1	1	1
	1531	-8	-2	-1	1	1	1
	1532	-8	-2	0	1	1	1
	1533	-8	-2	1	1	1	1
	1534	-8	-2	2	1	1	1
	1535	-8	-2	3	1	1	1
	1536	-8	-2	4	1	1	1
	1537	-8	-2	5	1	1	1
	1538	-8	-2	6	1	1	1
	1539	-8	-2	7	1	1	1
	1540	-8	-2	8	1	1	1
	1541	-8	-2	9	1	1	1
	1542	-7	-2	-8	1	1	1
	1543	-7	-2	-7	1	1	1
	1544	-7	-2	-6	1	1	1
	1545	-7	-2	-5	1	1	1
	1546	-7	-2	-4	1	1	1
	1547	-7	-2	-3	1	1	1
	1548	-7	-2	-2	1	1	1
	1549	-7	-2	-1	1	1	1
	1550	-7	-2	0	1	1	1
	1551	-7	-2	1	1	1	1
	1552	-7	-2	2	1	1	1
	1553	-7	-2	3	1	1	1
	1554	-7	-2	4	1	1	1
	1555	-7	-2	5	1	1	1
	1556	-7	-2	6	1	1	1
	1557	-7	-2	7	1	1	1
	1558	-7	-2	8	1	1	1
	1559	-6	-2	-8	1	1	1
	1560	-6	-2	-7	1	1	1
	1561	-6	-2	-6	1	1	1
	1562	-6	-2	-5	1	1	1
	1563	-6	-2	-4	1	1	1
	1564	-6	-2	-3	1	1	1
	1565	-6	-2	-2	1	1	1
	1566	-6	-2	-1	1	1	1
	1567	-6	-2	0	1	1	1
	1568	-6	-2	1	1	1	1
	1569	-6	-2	2	1	1	1
	1570	-6	-2	3	1	1	1
	1571	-6	-2	4	1	1	1
	1572	-6	-2	5	1	1	1
	1573	-6	-2	6	1	1	1
	1574	-6	-2	7	1	1	1
	1575	-6	-2	8	1	1	1
	1576	-5	-2	-7	1	1	1
	1577	-5	-2	-6	1	1	1
	1578	-5	-2	-5	1	1	1
	1579	-5	-2	-4	1	1	1
	1580	-5	-2	-3	1	1	1
	1581	-5	-2	-2	1	1	1
	1582	-5	-2	-1	1	1	1
	1583	-5	-2	0	1	1	1
	1584	-5	-2	1	1	1	1
	1585	-5	-2	2	1	1	1
	1586	-5	-2	3	1	1	1
	1587	-5	-2	4	1	1	1
	1588	-5	-2	5	1	1	1
	1589	-5	-2	6	1	1	1
	1590	-5	-2	7	1	1	1
	1591	-4	-2	-6	1	1	1
	1592	-4	-2	-5	1	1	1
	1593	-4	-2	-4	1	1	1
	1594	-4	-2	-3	1	1	1
	1595	-4	-2	-2	1	1	1
	1596	-4	-2	-1	1	1	1
	1597	-4	-2	0	1	1	1
	1598	-4	-2	1	1	1	1
	1599	-4	-2	2	1	1	1
	1600	-4	-2	3	1	1	1
	1601	-4	-2	4	1	1	1
	1602	-4	-2	5	1	1	1
	1603	-4	-2	6	1	1	1
	1604	-3	-2	-5	1	1	1
	1605	-3	-2	-4	1	1	1
	1606	-3	-2	-3	1	1	1
	1607	-3	-2	-2	1	1	1
	1608	-3	-2	-1	1	1	1
	1609	-3	-2	0	1	1	1
	1610	-3	-2	1	1	1	1
	1611	-3	-2	2	1	1	1
	1612	-3	-2	3	1	1	1
	1613	-3	-2	4	1	1	1
	1614	-3	-2	5	1	1	1
	1615	-2	-2	-3	1	1	1
	1616	-2	-2	-2	1	1	1
	1617	-2	-2	-1	1	1	1
	1618	-2	-2	0	1	1	1
	1619	-2	-2	1	1	1	1
	1620	-2	-2	2	1	1	1
	1621	-2	-2	3	1	1	1
	1622	-20	-1	-4	1	1	1
	1623	-20	-1	-3	1	1	1
	1624	-20	-1	-2	1	1	1
	1625	-20	-1	-1	1	1	1
	1626	-20	-1	0	1	1	1
	1627	-20	-1	1	1	1	1
	1628	-20	-1	2	1	1	1
	1629	-20	-1	3	1	1	1
	1630	-20	-1	4	1	1	1
	1631	-19	-1	-5	1	1	1
	1632	-19	-1	-4	1	1	1
	1633	-19	-1	-3	1	1	1
	1634	-19	-1	-2	1	1	1
	1635	-19	-1	-1	1	1	1
	1636	-19	-1	0	1	1	1
	1637	-19	-1	1	1	1	1
	1638	-19	-1	2	1	1	1
	1639	-19	-1	3	1	1	1
	1640	-19	-1	4	1	1	1
	1641	-19	-1	5	1	1	1
	1642	-18	-1	-7	1	1	1
	1643	-18	-1	-6	1	1	1
	1644	-18	-1	-5	1	1	1
	1645	-18	-1	-4	1	1	1
	1646	-18	-1	-3	1	1	1
	1647	-18	-1	-2	1	1	1
	1648	-18	-1	-1	1	1	1
	1649	-18	-1	0	1	1	1
	1650	-18	-1	1	1	1	1
	1651	-18	-1	2	1	1	1
	1652	-18	-1	3	1	1	1
	1653	-18	-1	4	1	1	1
	1654	-18	-1	5	1	1	1
	1655	-18	-1	6	1	1	1
	1656	-18	-1	7	1	1	1
	1657	-17	-1	-7	1	1	1
	1658	-17	-1	-6	1	1	1
	1659	-17	-1	-5	1	1	1
	1660	-17	-1	-4	1	1	1
	1661	-17	-1	-3	1	1	1
	1662	-17	-1	-2	1	1	1
	1663	-17	-1	-1	1	1	1
	1664	-17	-1	0	1	1	1
	1665	-17	-1	1	1	1	1
	1666	-17	-1	2	1	1	1
	1667	-17	-1	3	1	1	1
	1668	-17	-1	4	1	1	1
	1669	-17	-1	5	1	1	1
	1670	-17	-1	6	1	1	1
	1671	-17	-1	7	1	1	1
	1672	-16	-1	-8	1	1	1
	1673	-16	-1	-7	1	1	1
	1674	-16	-1	-6	1	1	1
	1675	-16	-1	-5	1	1	1
	1676	-16	-1	-4	1	1	1
	1677	-16	-1	-3	1	1	1
	1678	-16	-1	-2	1	1	1
	1679	-16	-1	-1	1	1	1
	1680	-16	-1	0	1	1	1
	1681	-16	-1	1	1	1	1
	1682	-16	-1	2	1	1	1
	1683	-16	-1	3	1	1	1
	1684	-16	-1	4	1	1	1
	1685	-16	-1	5	1	1	1
	1686	-16	-1	6	1	1	1
	1687	-16	-1	7	1	1	1
	1688	-16	-1	8	1	1	1
	1689	-15	-1	-9	1	1	1
	1690	-15	-1	-8	1	1	1
	1691	-15	-1	-7	1	1	1
	1692	-15	-1	-6	1	1	1
	1693	-15	-1	-5	1	1	1
	1694	-15	-1	-4	1	1	1
	1695	-15	-1	-3	1	1	1
	1696	-15	-1	-2	1	1	1
	1697	-15	-1	-1	1	1	1
	1698	-15	-1	0	1	1	1
	1699	-15	-1	1	1	1	1
	1700	-15	-1	2	1	1	1
	1701	-15	-1	3	1	1	1
	1702	-15	-1	4	1	1	1
	1703	-15	-1	5	1	1	1
	1704	-15	-1	6	1	1	1
	1705	-15	-1	7	1	1	1
	1706	-15	-1	8	1	1	1
	1707	-15	-1	9	1	1	1
	1708	-14	-1	-9	1	1	1
	1709	-14	-1	-8	1	1	1
	1710	-14	-1	-7	1	1	1
	1711	-14	-1	-6	1	1	1
	1712	-14	-1	-5	1	1	1
	1713	-14	-1	-4	1	1	1
	1714	-14	-1	-3	1	1	1
	1715	-14	-1	-2	1	1	1
	1716	-14	-1	-1	1	1	1
	1717	-14	-1	0	1	1	1
	1718	-14	-1	1	1	1	1
	1719	-14	-1	2	1	1	1
	1720	-14	-1	3	1	1	1
	1721	-14	-1	4	1	1	1
	1722	-14	-1	5	1	1	1
	1723	-14	-1	6	1	1	1
	1724	-14	-1	7	1	1	1
	1725	-14	-1	8	1	1	1
	1726	-14	-1	9	1	1	1
	1727	-13	-1	-9	1	1	1
	1728	-13	-1	-8	1	1	1
	1729	-13	-1	-7	1	1	1
	1730	-13	-1	-6	1	1	1
	1731	-13	-1	-5	1	1	1
	1732	-13	-1	-4	1	1	1
	1733	-13	-1	-3	1	1	1
	1734	-13	-1	-2	1	1	1
	1735	-13	-1	-1	1	1	1
	1736	-13	-1	0	1	1	1
	1737	-13	-1	1	1	1	1
	1738	-13	-1	2	1	1	1
	1739	-13	-1	3	1	1	1
	1740	-13	-1	4	1	1	1
	1741	-13	-1	5	1	1	1
	1742	-13	-1	6	1	1	1
	1743	-13	-1	7	1	1	1
	1744	-13	-1	8	1	1	1
	1745	-13	-1	9	1	1	1
	1746	-12	-1	-9	1	1	1
	1747	-12	-1	-8	1	1	1
	1748	-12	-1	-7	1	1	1
	1749	-12	-1	-6	1	1	1
	1750	-12	-1	-5	1	1	1
	1751	-12	-1	-4	1	1	1
	1752	-12	-1	-3	1	1	1
	1753	-12	-1	-2	1	1	1
	1754	-12	-1	-1	1	1	1
	1755	-12	-1	0	1	1	1
	1756	-12	-1	1	1	1	1
	1757	-12	-1	2	1	1	1
	1758	-12	-1	3	1	1	1
	1759	-12	-1	4	1	1	1
	1760	-12	-1	5	1	1	1
	1761	-12	-1	6	1	1	1
	1762	-12	-1	7	1	1	1
	1763	-12	-1	8	1	1	1
	1764	-12	-1	9	1	1	1
	1765	-11	-1	-9	1	1	1
	1766	-11	-1	-8	1	1	1
	1767	-11	-1	-7	1	1	1
	1768	-11	-1	-6	1	1	1
	1769	-11	-1	-5	1	1	1
	1770	-11	-1	-4	1	1	1
	1771	-11	-1	-3	1	1	1
	1772	-11	-1	-2	1	1	1
	1773	-11	-1	-1	1	1	1
	1774	-11	-1	0	1	1	1
	1775	-11	-1	1	1	1	1
	1776	-11	-1	2	1	1	1
	1777	-11	-1	3	1	1	1
	1778	-11	-1	4	1	1	1
	1779	-11	-1	5	1	1	1
	1780	-11	-1	6	1	1	1
	1781	-11	-1	7	1	1	1
	1782	-11	-1	8	1	1	1
	1783	-11	-1	9	1	1	1
	1784	-10	-1	-9	1	1	1
	1785	-10	-1	-8	1	1	1
	1786	-10	-1	-7	1	1	1
	1787	-10	-1	-6	1	1	1
	1788	-10	-1	-5	1	1	1
	1789	-10	-1	-4	1	1	1
	1790	-10	-1	-3	1	1	1
	1791	-10	-1	-2	1	1	1
	1792	-10	-1	-1	1	1	1
	1793	-10	-1	0	1	1	1
	1794	-10	-1	1	1	1	1
	1795	-10	-1	2	1	1	1
	1796	-10	-1	3	1	1	1
	1797	-10	-1	4	1	1	1
	1798	-10	-1	5	1	1	1
	1799	-10	-1	6	1	1	1
	1800	-10	-1	7	1	1	1
	1801	-10	-1	8	1	1	1
	1802	-10	-1	9	1	1	1
	1803	-9	-1	-9	1	1	1
	1804	-9	-1	-8	1	1	1
	1805	-9	-1	-7	1	1	1
	1806	-9	-1	-6	1	1	1
	1807	-9	-1	-5	1	1	1
	1808	-9	-1	-4	1	1	1
	1809	-9	-1	-3	1	1	1
	1810	-9	-1	-2	1	1	1
	1811	-9	-1	-1	1	1	1
	1812	-9	-1	0	1	1	1
	1813	-9	-1	1	1	1	1
	1814	-9	-1	2	1	1	1
	1815	-9	-1	3	1	1	1
	1816	-9	-1	4	1	1	1
	1817	-9	-1	5	1	1	1
	1818	-9	-1	6	1	1	1
	1819	-9	-1	7	1	1	1
	1820	-9	-1	8	1	1	1
	1821	-9	-1	9	1	1	1
	1822	-8	-1	-9	1	1	1
	1823	-8	-1	-8	1	1	1
	1824	-8	-1	-7	1	1	1
	1825	-8	-1	-6	1	1	1
	1826	-8	-1	-5	1	1	1
	1827	-8	-1	-4	1	1	1
	1828	-8	-1	-3	1	1	1
	1829	-8	-1	-2	1	1	1
	1830	-8	-1	-1	1	1	1
	1831	-8	-1	0	1	1	1
	1832	-8	-1	1	1	1	1
	1833	-8	-1	2	1	1	1
	1834	-8	-1	3	1	1	1
	1835	-8	-1	4	1	1	1
	1836	-8	-1	5	1	1	1
	1837	-8	-1	6	1	1	1
	1838	-8	-1	7	1	1	1
	1839	-8	-1	8	1	1	1
	1840	-8	-1	9	1	1	1
	1841	-7	-1	-9	1	1	1
	1842	-7	-1	-8	1	1	1
	1843	-7	-1	-7	1	1	1
	1844	-7	-1	-6	1	1	1
	1845	-7	-1	-5	1	1	1
	1846	-7	-1	-4	1	1	1
	1847	-7	-1	-3	1	1	1
	1848	-7	-1	-2	1	1	1
	1849	-7	-1	-1	1	1	1
	1850	-7	-1	0	1	1	1
	1851	-7	-1	1	1	1	1
	1852	-7	-1	2	1	1	1
	1853	-7	-1	3	1	1	1
	1854	-7	-1	4	1	1	1
	1855	-7	-1	5	1	1	1
	1856	-7	-1	6	1	1	1
	1857	-7	-1	7	1	1	1
	1858	-7	-1	8	1	1	1
	1859	-7	-1	9	1	1	1
	1860	-6	-1	-8	1	1	1
	1861	-6	-1	-7	1	1	1
	1862	-6	-1	-6	1	1	1
	1863	-6	-1	-5	1	1	1
	1864	-6	-1	-4	1	1	1
	1865	-6	-1	-3	1	1	1
	1866	-6	-1	-2	1	1	1
	1867	-6	-1	-1	1	1	1
	1868	-6	-1	0	1	1	1
	1869	-6	-1	1	1	1	1
	1870	-6	-1	2	1	1	1
	1871	-6	-1	3	1	1	1
	1872	-6	-1	4	1	1	1
	1873	-6	-1	5	1	1	1
	1874	-6	-1	6	1	1	1
	1875	-6	-1	7	1	1	1
	1876	-6	-1	8	1	1	1
	1877	-5	-1	-7	1	1	1
	1878	-5	-1	-6	1	1	1
	1879	-5	-1	-5	1	1	1
	1880	-5	-1	-4	1	1	1
	1881	-5	-1	-3	1	1	1
	1882	-5	-1	-2	1	1	1
	1883	-5	-1	-1	1	1	1
	1884	-5	-1	0	1	1	1
	1885	-5	-1	1	1	1	1
	1886	-5	-1	2	1	1	1
	1887	-5	-1	3	1	1	1
	1888	-5	-1	4	1	1	1
	1889	-5	-1	5	1	1	1
	1890	-5	-1	6	1	1	1
	1891	-5	-1	7	1	1	1
	1892	-4	-1	-7	1	1	1
	1893	-4	-1	-6	1	1	1
	1894	-4	-1	-5	1	1	1
	1895	-4	-1	-4	1	1	1
	1896	-4	-1	-3	1	1	1
	1897	-4	-1	-2	1	1	1
	1898	-4	-1	-1	1	1	1
	1899	-4	-1	0	1	1	1
	1900	-4	-1	1	1	1	1
	1901	-4	-1	2	1	1	1
	1902	-4	-1	3	1	1	1
	1903	-4	-1	4	1	1	1
	1904	-4	-1	5	1	1	1
	1905	-4	-1	6	1	1	1
	1906	-4	-1	7	1	1	1
	1907	-3	-1	-5	1	1	1
	1908	-3	-1	-4	1	1	1
	1909	-3	-1	-3	1	1	1
	1910	-3	-1	-2	1	1	1
	1911	-3	-1	-1	1	1	1
	1912	-3	-1	0	1	1	1
	1913	-3	-1	1	1	1	1
	1914	-3	-1	2	1	1	1
	1915	-3	-1	3	1	1	1
	1916	-3	-1	4	1	1	1
	1917	-3	-1	5	1	1	1
	1918	-2	-1	-4	1	1	1
	1919	-2	-1	-3	1	1	1
	1920	-2	-1	-2	1	1	1
	1921	-2	-1	-1	1	1	1
	1922	-2	-1	0	1	1	1
	1923	-2	-1	1	1	1	1
	1924	-2	-1	2	1	1	1
	1925	-2	-1	3	1	1	1
	1926	-2	-1	4	1	1	1
	1927	-21	0	0	1	1	1
	1928	-20	0	-4	1	1	1
	1929	-20	0	-3	1	1	1
	1930	-20	0	-2	1	1	1
	1931	-20	0	-1	1	1	1
	1932	-20	0	0	1	1	1
	1933	-20	0	1	1	1	1
	1934	-20	0	2	1	1	1
	1935	-20	0	3	1	1	1
	1936	-20	0	4	1	1	1
	1937	-19	0	-6	1	1	1
	1938	-19	0	-5	1	1	1
	1939	-19	0	-4	1	1	1
	1940	-19	0	-3	1	1	1
	1941	-19	0	-2	1	1	1
	1942	-19	0	-1	1	1	1
	1943	-19	0	0	1	1	1
	1944	-19	0	1	1	1	1
	1945	-19	0	2	1	1	1
	1946	-19	0	3	1	1	1
	1947	-19	0	4	1	1	1
	1948	-19	0	5	1	1	1
	1949	-19	0	6	1	1	1
	1950	-18	0	-7	1	1	1
	1951	-18	0	-6	1	1	1
	1952	-18	0	-5	1	1	1
	1953	-18	0	-4	1	1	1
	1954	-18	0	-3	1	1	1
	1955	-18	0	-2	1	1	1
	1956	-18	0	-1	1	1	1
	1957	-18	0	0	1	1	1
	1958	-18	0	1	1	1	1
	1959	-18	0	2	1	1	1
	1960	-18	0	3	1	1	1
	1961	-18	0	4	1	1	1
	1962	-18	0	5	1	1	1
	1963	-18	0	6	1	1	1
	1964	-18	0	7	1	1	1
	1965	-17	0	-8	1	1	1
	1966	-17	0	-7	1	1	1
	1967	-17	0	-6	1	1	1
	1968	-17	0	-5	1	1	1
	1969	-17	0	-4	1	1	1
	1970	-17	0	-3	1	1	1
	1971	-17	0	-2	1	1	1
	1972	-17	0	-1	1	1	1
	1973	-17	0	0	1	1	1
	1974	-17	0	1	1	1	1
	1975	-17	0	2	1	1	1
	1976	-17	0	3	1	1	1
	1977	-17	0	4	1	1	1
	1978	-17	0	5	1	1	1
	1979	-17	0	6	1	1	1
	1980	-17	0	7	1	1	1
	1981	-17	0	8	1	1	1
	1982	-16	0	-8	1	1	1
	1983	-16	0	-7	1	1	1
	1984	-16	0	-6	1	1	1
	1985	-16	0	-5	1	1	1
	1986	-16	0	-4	1	1	1
	1987	-16	0	-3	1	1	1
	1988	-16	0	-2	1	1	1
	1989	-16	0	-1	1	1	1
	1990	-16	0	0	1	1	1
	1991	-16	0	1	1	1	1
	1992	-16	0	2	1	1	1
	1993	-16	0	3	1	1	1
	1994	-16	0	4	1	1	1
	1995	-16	0	5	1	1	1
	1996	-16	0	6	1	1	1
	1997	-16	0	7	1	1	1
	1998	-16	0	8	1	1	1
	1999	-15	0	-9	1	1	1
	2000	-15	0	-8	1	1	1
	2001	-15	0	-7	1	1	1
	2002	-15	0	-6	1	1	1
	2003	-15	0	-5	1	1	1
	2004	-15	0	-4	1	1	1
	2005	-15	0	-3	1	1	1
	2006	-15	0	-2	1	1	1
	2007	-15	0	-1	1	1	1
	2008	-15	0	0	1	1	1
	2009	-15	0	1	1	1	1
	2010	-15	0	2	1	1	1
	2011	-15	0	3	1	1	1
	2012	-15	0	4	1	1	1
	2013	-15	0	5	1	1	1
	2014	-15	0	6	1	1	1
	2015	-15	0	7	1	1	1
	2016	-15	0	8	1	1	1
	2017	-15	0	9	1	1	1
	2018	-14	0	-9	1	1	1
	2019	-14	0	-8	1	1	1
	2020	-14	0	-7	1	1	1
	2021	-14	0	-6	1	1	1
	2022	-14	0	-5	1	1	1
	2023	-14	0	-4	1	1	1
	2024	-14	0	-3	1	1	1
	2025	-14	0	-2	1	1	1
	2026	-14	0	-1	1	1	1
	2027	-14	0	0	1	1	1
	2028	-14	0	1	1	1	1
	2029	-14	0	2	1	1	1
	2030	-14	0	3	1	1	1
	2031	-14	0	4	1	1	1
	2032	-14	0	5	1	1	1
	2033	-14	0	6	1	1	1
	2034	-14	0	7	1	1	1
	2035	-14	0	8	1	1	1
	2036	-14	0	9	1	1	1
	2037	-13	0	-9	1	1	1
	2038	-13	0	-8	1	1	1
	2039	-13	0	-7	1	1	1
	2040	-13	0	-6	1	1	1
	2041	-13	0	-5	1	1	1
	2042	-13	0	-4	1	1	1
	2043	-13	0	-3	1	1	1
	2044	-13	0	-2	1	1	1
	2045	-13	0	-1	1	1	1
	2046	-13	0	0	1	1	1
	2047	-13	0	1	1	1	1
	2048	-13	0	2	1	1	1
	2049	-13	0	3	1	1	1
	2050	-13	0	4	1	1	1
	2051	-13	0	5	1	1	1
	2052	-13	0	6	1	1	1
	2053	-13	0	7	1	1	1
	2054	-13	0	8	1	1	1
	2055	-13	0	9	1	1	1
	2056	-12	0	-9	1	1	1
	2057	-12	0	-8	1	1	1
	2058	-12	0	-7	1	1	1
	2059	-12	0	-6	1	1	1
	2060	-12	0	-5	1	1	1
	2061	-12	0	-4	1	1	1
	2062	-12	0	-3	1	1	1
	2063	-12	0	-2	1	1	1
	2064	-12	0	-1	1	1	1
	2065	-12	0	0	1	1	1
	2066	-12	0	1	1	1	1
	2067	-12	0	2	1	1	1
	2068	-12	0	3	1	1	1
	2069	-12	0	4	1	1	1
	2070	-12	0	5	1	1	1
	2071	-12	0	6	1	1	1
	2072	-12	0	7	1	1	1
	2073	-12	0	8	1	1	1
	2074	-12	0	9	1	1	1
	2075	-11	0	-10	1	1	1
	2076	-11	0	-9	1	1	1
	2077	-11	0	-8	1	1	1
	2078	-11	0	-7	1	1	1
	2079	-11	0	-6	1	1	1
	2080	-11	0	-5	1	1	1
	2081	-11	0	-4	1	1	1
	2082	-11	0	-3	1	1	1
	2083	-11	0	-2	1	1	1
	2084	-11	0	-1	1	1	1
	2085	-11	0	0	1	1	1
	2086	-11	0	1	1	1	1
	2087	-11	0	2	1	1	1
	2088	-11	0	3	1	1	1
	2089	-11	0	4	1	1	1
	2090	-11	0	5	1	1	1
	2091	-11	0	6	1	1	1
	2092	-11	0	7	1	1	1
	2093	-11	0	8	1	1	1
	2094	-11	0	9	1	1	1
	2095	-11	0	10	1	1	1
	2096	-10	0	-9	1	1	1
	2097	-10	0	-8	1	1	1
	2098	-10	0	-7	1	1	1
	2099	-10	0	-6	1	1	1
	2100	-10	0	-5	1	1	1
	2101	-10	0	-4	1	1	1
	2102	-10	0	-3	1	1	1
	2103	-10	0	-2	1	1	1
	2104	-10	0	-1	1	1	1
	2105	-10	0	0	1	1	1
	2106	-10	0	1	1	1	1
	2107	-10	0	2	1	1	1
	2108	-10	0	3	1	1	1
	2109	-10	0	4	1	1	1
	2110	-10	0	5	1	1	1
	2111	-10	0	6	1	1	1
	2112	-10	0	7	1	1	1
	2113	-10	0	8	1	1	1
	2114	-10	0	9	1	1	1
	2115	-9	0	-9	1	1	1
	2116	-9	0	-8	1	1	1
	2117	-9	0	-7	1	1	1
	2118	-9	0	-6	1	1	1
	2119	-9	0	-5	1	1	1
	2120	-9	0	-4	1	1	1
	2121	-9	0	-3	1	1	1
	2122	-9	0	-2	1	1	1
	2123	-9	0	-1	1	1	1
	2124	-9	0	0	1	1	1
	2125	-9	0	1	1	1	1
	2126	-9	0	2	1	1	1
	2127	-9	0	3	1	1	1
	2128	-9	0	4	1	1	1
	2129	-9	0	5	1	1	1
	2130	-9	0	6	1	1	1
	2131	-9	0	7	1	1	1
	2132	-9	0	8	1	1	1
	2133	-9	0	9	1	1	1
	2134	-8	0	-9	1	1	1
	2135	-8	0	-8	1	1	1
	2136	-8	0	-7	1	1	1
	2137	-8	0	-6	1	1	1
	2138	-8	0	-5	1	1	1
	2139	-8	0	-4	1	1	1
	2140	-8	0	-3	1	1	1
	2141	-8	0	-2	1	1	1
	2142	-8	0	-1	1	1	1
	2143	-8	0	0	1	1	1
	2144	-8	0	1	1	1	1
	2145	-8	0	2	1	1	1
	2146	-8	0	3	1	1	1
	2147	-8	0	4	1	1	1
	2148	-8	0	5	1	1	1
	2149	-8	0	6	1	1	1
	2150	-8	0	7	1	1	1
	2151	-8	0	8	1	1	1
	2152	-8	0	9	1	1	1
	2153	-7	0	-9	1	1	1
	2154	-7	0	-8	1	1	1
	2155	-7	0	-7	1	1	1
	2156	-7	0	-6	1	1	1
	2157	-7	0	-5	1	1	1
	2158	-7	0	-4	1	1	1
	2159	-7	0	-3	1	1	1
	2160	-7	0	-2	1	1	1
	2161	-7	0	-1	1	1	1
	2162	-7	0	0	1	1	1
	2163	-7	0	1	1	1	1
	2164	-7	0	2	1	1	1
	2165	-7	0	3	1	1	1
	2166	-7	0	4	1	1	1
	2167	-7	0	5	1	1	1
	2168	-7	0	6	1	1	1
	2169	-7	0	7	1	1	1
	2170	-7	0	8	1	1	1
	2171	-7	0	9	1	1	1
	2172	-6	0	-8	1	1	1
	2173	-6	0	-7	1	1	1
	2174	-6	0	-6	1	1	1
	2175	-6	0	-5	1	1	1
	2176	-6	0	-4	1	1	1
	2177	-6	0	-3	1	1	1
	2178	-6	0	-2	1	1	1
	2179	-6	0	-1	1	1	1
	2180	-6	0	0	1	1	1
	2181	-6	0	1	1	1	1
	2182	-6	0	2	1	1	1
	2183	-6	0	3	1	1	1
	2184	-6	0	4	1	1	1
	2185	-6	0	5	1	1	1
	2186	-6	0	6	1	1	1
	2187	-6	0	7	1	1	1
	2188	-6	0	8	1	1	1
	2189	-5	0	-8	1	1	1
	2190	-5	0	-7	1	1	1
	2191	-5	0	-6	1	1	1
	2192	-5	0	-5	1	1	1
	2193	-5	0	-4	1	1	1
	2194	-5	0	-3	1	1	1
	2195	-5	0	-2	1	1	1
	2196	-5	0	-1	1	1	1
	2197	-5	0	0	1	1	1
	2198	-5	0	1	1	1	1
	2199	-5	0	2	1	1	1
	2200	-5	0	3	1	1	1
	2201	-5	0	4	1	1	1
	2202	-5	0	5	1	1	1
	2203	-5	0	6	1	1	1
	2204	-5	0	7	1	1	1
	2205	-5	0	8	1	1	1
	2206	-4	0	-7	1	1	1
	2207	-4	0	-6	1	1	1
	2208	-4	0	-5	1	1	1
	2209	-4	0	-4	1	1	1
	2210	-4	0	-3	1	1	1
	2211	-4	0	-2	1	1	1
	2212	-4	0	-1	1	1	1
	2213	-4	0	0	1	1	1
	2214	-4	0	1	1	1	1
	2215	-4	0	2	1	1	1
	2216	-4	0	3	1	1	1
	2217	-4	0	4	1	1	1
	2218	-4	0	5	1	1	1
	2219	-4	0	6	1	1	1
	2220	-4	0	7	1	1	1
	2221	-3	0	-6	1	1	1
	2222	-3	0	-5	1	1	1
	2223	-3	0	-4	1	1	1
	2224	-3	0	-3	1	1	1
	2225	-3	0	-2	1	1	1
	2226	-3	0	-1	1	1	1
	2227	-3	0	0	1	1	1
	2228	-3	0	1	1	1	1
	2229	-3	0	2	1	1	1
	2230	-3	0	3	1	1	1
	2231	-3	0	4	1	1	1
	2232	-3	0	5	1	1	1
	2233	-3	0	6	1	1	1
	2234	-2	0	-4	1	1	1
	2235	-2	0	-3	1	1	1
	2236	-2	0	-2	1	1	1
	2237	-2	0	-1	1	1	1
	2238	-2	0	0	1	1	1
	2239	-2	0	1	1	1	1
	2240	-2	0	2	1	1	1
	2241	-2	0	3	1	1	1
	2242	-2	0	4	1	1	1
	2243	-1	0	0	1	1	1
	2244	-20	1	-4	1	1	1
	2245	-20	1	-3	1	1	1
	2246	-20	1	-2	1	1	1
	2247	-20	1	-1	1	1	1
	2248	-20	1	0	1	1	1
	2249	-20	1	1	1	1	1
	2250	-20	1	2	1	1	1
	2251	-20	1	3	1	1	1
	2252	-20	1	4	1	1	1
	2253	-19	1	-5	1	1	1
	2254	-19	1	-4	1	1	1
	2255	-19	1	-3	1	1	1
	2256	-19	1	-2	1	1	1
	2257	-19	1	-1	1	1	1
	2258	-19	1	0	1	1	1
	2259	-19	1	1	1	1	1
	2260	-19	1	2	1	1	1
	2261	-19	1	3	1	1	1
	2262	-19	1	4	1	1	1
	2263	-19	1	5	1	1	1
	2264	-18	1	-7	1	1	1
	2265	-18	1	-6	1	1	1
	2266	-18	1	-5	1	1	1
	2267	-18	1	-4	1	1	1
	2268	-18	1	-3	1	1	1
	2269	-18	1	-2	1	1	1
	2270	-18	1	-1	1	1	1
	2271	-18	1	0	1	1	1
	2272	-18	1	1	1	1	1
	2273	-18	1	2	1	1	1
	2274	-18	1	3	1	1	1
	2275	-18	1	4	1	1	1
	2276	-18	1	5	1	1	1
	2277	-18	1	6	1	1	1
	2278	-18	1	7	1	1	1
	2279	-17	1	-7	1	1	1
	2280	-17	1	-6	1	1	1
	2281	-17	1	-5	1	1	1
	2282	-17	1	-4	1	1	1
	2283	-17	1	-3	1	1	1
	2284	-17	1	-2	1	1	1
	2285	-17	1	-1	1	1	1
	2286	-17	1	0	1	1	1
	2287	-17	1	1	1	1	1
	2288	-17	1	2	1	1	1
	2289	-17	1	3	1	1	1
	2290	-17	1	4	1	1	1
	2291	-17	1	5	1	1	1
	2292	-17	1	6	1	1	1
	2293	-17	1	7	1	1	1
	2294	-16	1	-8	1	1	1
	2295	-16	1	-7	1	1	1
	2296	-16	1	-6	1	1	1
	2297	-16	1	-5	1	1	1
	2298	-16	1	-4	1	1	1
	2299	-16	1	-3	1	1	1
	2300	-16	1	-2	1	1	1
	2301	-16	1	-1	1	1	1
	2302	-16	1	0	1	1	1
	2303	-16	1	1	1	1	1
	2304	-16	1	2	1	1	1
	2305	-16	1	3	1	1	1
	2306	-16	1	4	1	1	1
	2307	-16	1	5	1	1	1
	2308	-16	1	6	1	1	1
	2309	-16	1	7	1	1	1
	2310	-16	1	8	1	1	1
	2311	-15	1	-9	1	1	1
	2312	-15	1	-8	1	1	1
	2313	-15	1	-7	1	1	1
	2314	-15	1	-6	1	1	1
	2315	-15	1	-5	1	1	1
	2316	-15	1	-4	1	1	1
	2317	-15	1	-3	1	1	1
	2318	-15	1	-2	1	1	1
	2319	-15	1	-1	1	1	1
	2320	-15	1	0	1	1	1
	2321	-15	1	1	1	1	1
	2322	-15	1	2	1	1	1
	2323	-15	1	3	1	1	1
	2324	-15	1	4	1	1	1
	2325	-15	1	5	1	1	1
	2326	-15	1	6	1	1	1
	2327	-15	1	7	1	1	1
	2328	-15	1	8	1	1	1
	2329	-15	1	9	1	1	1
	2330	-14	1	-9	1	1	1
	2331	-14	1	-8	1	1	1
	2332	-14	1	-7	1	1	1
	2333	-14	1	-6	1	1	1
	2334	-14	1	-5	1	1	1
	2335	-14	1	-4	1	1	1
	2336	-14	1	-3	1	1	1
	2337	-14	1	-2	1	1	1
	2338	-14	1	-1	1	1	1
	2339	-14	1	0	1	1	1
	2340	-14	1	1	1	1	1
	2341	-14	1	2	1	1	1
	2342	-14	1	3	1	1	1
	2343	-14	1	4	1	1	1
	2344	-14	1	5	1	1	1
	2345	-14	1	6	1	1	1
	2346	-14	1	7	1	1	1
	2347	-14	1	8	1	1	1
	2348	-14	1	9	1	1	1
	2349	-13	1	-9	1	1	1
	2350	-13	1	-8	1	1	1
	2351	-13	1	-7	1	1	1
	2352	-13	1	-6	1	1	1
	2353	-13	1	-5	1	1	1
	2354	-13	1	-4	1	1	1
	2355	-13	1	-3	1	1	1
	2356	-13	1	-2	1	1	1
	2357	-13	1	-1	1	1	1
	2358	-13	1	0	1	1	1
	2359	-13	1	1	1	1	1
	2360	-13	1	2	1	1	1
	2361	-13	1	3	1	1	1
	2362	-13	1	4	1	1	1
	2363	-13	1	5	1	1	1
	2364	-13	1	6	1	1	1
	2365	-13	1	7	1	1	1
	2366	-13	1	8	1	1	1
	2367	-13	1	9	1	1	1
	2368	-12	1	-9	1	1	1
	2369	-12	1	-8	1	1	1
	2370	-12	1	-7	1	1	1
	2371	-12	1	-6	1	1	1
	2372	-12	1	-5	1	1	1
	2373	-12	1	-4	1	1	1
	2374	-12	1	-3	1	1	1
	2375	-12	1	-2	1	1	1
	2376	-12	1	-1	1	1	1
	2377	-12	1	0	1	1	1
	2378	-12	1	1	1	1	1
	2379	-12	1	2	1	1	1
	2380	-12	1	3	1	1	1
	2381	-12	1	4	1	1	1
	2382	-12	1	5	1	1	1
	2383	-12	1	6	1	1	1
	2384	-12	1	7	1	1	1
	2385	-12	1	8	1	1	1
	2386	-12	1	9	1	1	1
	2387	-11	1	-9	1	1	1
	2388	-11	1	-8	1	1	1
	2389	-11	1	-7	1	1	1
	2390	-11	1	-6	1	1	1
	2391	-11	1	-5	1	1	1
	2392	-11	1	-4	1	1	1
	2393	-11	1	-3	1	1	1
	2394	-11	1	-2	1	1	1
	2395	-11	1	-1	1	1	1
	2396	-11	1	0	1	1	1
	2397	-11	1	1	1	1	1
	2398	-11	1	2	1	1	1
	2399	-11	1	3	1	1	1
	2400	-11	1	4	1	1	1
	2401	-11	1	5	1	1	1
	2402	-11	1	6	1	1	1
	2403	-11	1	7	1	1	1
	2404	-11	1	8	1	1	1
	2405	-11	1	9	1	1	1
	2406	-10	1	-9	1	1	1
	2407	-10	1	-8	1	1	1
	2408	-10	1	-7	1	1	1
	2409	-10	1	-6	1	1	1
	2410	-10	1	-5	1	1	1
	2411	-10	1	-4	1	1	1
	2412	-10	1	-3	1	1	1
	2413	-10	1	-2	1	1	1
	2414	-10	1	-1	1	1	1
	2415	-10	1	0	1	1	1
	2416	-10	1	1	1	1	1
	2417	-10	1	2	1	1	1
	2418	-10	1	3	1	1	1
	2419	-10	1	4	1	1	1
	2420	-10	1	5	1	1	1
	2421	-10	1	6	1	1	1
	2422	-10	1	7	1	1	1
	2423	-10	1	8	1	1	1
	2424	-10	1	9	1	1	1
	2425	-9	1	-9	1	1	1
	2426	-9	1	-8	1	1	1
	2427	-9	1	-7	1	1	1
	2428	-9	1	-6	1	1	1
	2429	-9	1	-5	1	1	1
	2430	-9	1	-4	1	1	1
	2431	-9	1	-3	1	1	1
	2432	-9	1	-2	1	1	1
	2433	-9	1	-1	1	1	1
	2434	-9	1	0	1	1	1
	2435	-9	1	1	1	1	1
	2436	-9	1	2	1	1	1
	2437	-9	1	3	1	1	1
	2438	-9	1	4	1	1	1
	2439	-9	1	5	1	1	1
	2440	-9	1	6	1	1	1
	2441	-9	1	7	1	1	1
	2442	-9	1	8	1	1	1
	2443	-9	1	9	1	1	1
	2444	-8	1	-9	1	1	1
	2445	-8	1	-8	1	1	1
	2446	-8	1	-7	1	1	1
	2447	-8	1	-6	1	1	1
	2448	-8	1	-5	1	1	1
	2449	-8	1	-4	1	1	1
	2450	-8	1	-3	1	1	1
	2451	-8	1	-2	1	1	1
	2452	-8	1	-1	1	1	1
	2453	-8	1	0	1	1	1
	2454	-8	1	1	1	1	1
	2455	-8	1	2	1	1	1
	2456	-8	1	3	1	1	1
	2457	-8	1	4	1	1	1
	2458	-8	1	5	1	1	1
	2459	-8	1	6	1	1	1
	2460	-8	1	7	1	1	1
	2461	-8	1	8	1	1	1
	2462	-8	1	9	1	1	1
	2463	-7	1	-9	1	1	1
	2464	-7	1	-8	1	1	1
	2465	-7	1	-7	1	1	1
	2466	-7	1	-6	1	1	1
	2467	-7	1	-5	1	1	1
	2468	-7	1	-4	1	1	1
	2469	-7	1	-3	1	1	1
	2470	-7	1	-2	1	1	1
	2471	-7	1	-1	1	1	1
	2472	-7	1	0	1	1	1
	2473	-7	1	1	1	1	1
	2474	-7	1	2	1	1	1
	2475	-7	1	3	1	1	1
	2476	-7	1	4	1	1	1
	2477	-7	1	5	1	1	1
	2478	-7	1	6	1	1	1
	2479	-7	1	7	1	1	1
	2480	-7	1	8	1	1	1
	2481	-7	1	9	1	1	1
	2482	-6	1	-8	1	1	1
	2483	-6	1	-7	1	1	1
	2484	-6	1	-6	1	1	1
	2485	-6	1	-5	1	1	1
	2486	-6	1	-4	1	1	1
	2487	-6	1	-3	1	1	1
	2488	-6	1	-2	1	1	1
	2489	-6	1	-1	1	1	1
	2490	-6	1	0	1	1	1
	2491	-6	1	1	1	1	1
	2492	-6	1	2	1	1	1
	2493	-6	1	3	1	1	1
	2494	-6	1	4	1	1	1
	2495	-6	1	5	1	1	1
	2496	-6	1	6	1	1	1
	2497	-6	1	7	1	1	1
	2498	-6	1	8	1	1	1
	2499	-5	1	-7	1	1	1
	2500	-5	1	-6	1	1	1
	2501	-5	1	-5	1	1	1
	2502	-5	1	-4	1	1	1
	2503	-5	1	-3	1	1	1
	2504	-5	1	-2	1	1	1
	2505	-5	1	-1	1	1	1
	2506	-5	1	0	1	1	1
	2507	-5	1	1	1	1	1
	2508	-5	1	2	1	1	1
	2509	-5	1	3	1	1	1
	2510	-5	1	4	1	1	1
	2511	-5	1	5	1	1	1
	2512	-5	1	6	1	1	1
	2513	-5	1	7	1	1	1
	2514	-4	1	-7	1	1	1
	2515	-4	1	-6	1	1	1
	2516	-4	1	-5	1	1	1
	2517	-4	1	-4	1	1	1
	2518	-4	1	-3	1	1	1
	2519	-4	1	-2	1	1	1
	2520	-4	1	-1	1	1	1
	2521	-4	1	0	1	1	1
	2522	-4	1	1	1	1	1
	2523	-4	1	2	1	1	1
	2524	-4	1	3	1	1	1
	2525	-4	1	4	1	1	1
	2526	-4	1	5	1	1	1
	2527	-4	1	6	1	1	1
	2528	-4	1	7	1	1	1
	2529	-3	1	-5	1	1	1
	2530	-3	1	-4	1	1	1
	2531	-3	1	-3	1	1	1
	2532	-3	1	-2	1	1	1
	2533	-3	1	-1	1	1	1
	2534	-3	1	0	1	1	1
	2535	-3	1	1	1	1	1
	2536	-3	1	2	1	1	1
	2537	-3	1	3	1	1	1
	2538	-3	1	4	1	1	1
	2539	-3	1	5	1	1	1
	2540	-2	1	-4	1	1	1
	2541	-2	1	-3	1	1	1
	2542	-2	1	-2	1	1	1
	2543	-2	1	-1	1	1	1
	2544	-2	1	0	1	1	1
	2545	-2	1	1	1	1	1
	2546	-2	1	2	1	1	1
	2547	-2	1	3	1	1	1
	2548	-2	1	4	1	1	1
	2549	-20	2	-3	1	1	1
	2550	-20	2	-2	1	1	1
	2551	-20	2	-1	1	1	1
	2552	-20	2	0	1	1	1
	2553	-20	2	1	1	1	1
	2554	-20	2	2	1	1	1
	2555	-20	2	3	1	1	1
	2556	-19	2	-5	1	1	1
	2557	-19	2	-4	1	1	1
	2558	-19	2	-3	1	1	1
	2559	-19	2	-2	1	1	1
	2560	-19	2	-1	1	1	1
	2561	-19	2	0	1	1	1
	2562	-19	2	1	1	1	1
	2563	-19	2	2	1	1	1
	2564	-19	2	3	1	1	1
	2565	-19	2	4	1	1	1
	2566	-19	2	5	1	1	1
	2567	-18	2	-6	1	1	1
	2568	-18	2	-5	1	1	1
	2569	-18	2	-4	1	1	1
	2570	-18	2	-3	1	1	1
	2571	-18	2	-2	1	1	1
	2572	-18	2	-1	1	1	1
	2573	-18	2	0	1	1	1
	2574	-18	2	1	1	1	1
	2575	-18	2	2	1	1	1
	2576	-18	2	3	1	1	1
	2577	-18	2	4	1	1	1
	2578	-18	2	5	1	1	1
	2579	-18	2	6	1	1	1
	2580	-17	2	-7	1	1	1
	2581	-17	2	-6	1	1	1
	2582	-17	2	-5	1	1	1
	2583	-17	2	-4	1	1	1
	2584	-17	2	-3	1	1	1
	2585	-17	2	-2	1	1	1
	2586	-17	2	-1	1	1	1
	2587	-17	2	0	1	1	1
	2588	-17	2	1	1	1	1
	2589	-17	2	2	1	1	1
	2590	-17	2	3	1	1	1
	2591	-17	2	4	1	1	1
	2592	-17	2	5	1	1	1
	2593	-17	2	6	1	1	1
	2594	-17	2	7	1	1	1
	2595	-16	2	-8	1	1	1
	2596	-16	2	-7	1	1	1
	2597	-16	2	-6	1	1	1
	2598	-16	2	-5	1	1	1
	2599	-16	2	-4	1	1	1
	2600	-16	2	-3	1	1	1
	2601	-16	2	-2	1	1	1
	2602	-16	2	-1	1	1	1
	2603	-16	2	0	1	1	1
	2604	-16	2	1	1	1	1
	2605	-16	2	2	1	1	1
	2606	-16	2	3	1	1	1
	2607	-16	2	4	1	1	1
	2608	-16	2	5	1	1	1
	2609	-16	2	6	1	1	1
	2610	-16	2	7	1	1	1
	2611	-16	2	8	1	1	1
	2612	-15	2	-8	1	1	1
	2613	-15	2	-7	1	1	1
	2614	-15	2	-6	1	1	1
	2615	-15	2	-5	1	1	1
	2616	-15	2	-4	1	1	1
	2617	-15	2	-3	1	1	1
	2618	-15	2	-2	1	1	1
	2619	-15	2	-1	1	1	1
	2620	-15	2	0	1	1	1
	2621	-15	2	1	1	1	1
	2622	-15	2	2	1	1	1
	2623	-15	2	3	1	1	1
	2624	-15	2	4	1	1	1
	2625	-15	2	5	1	1	1
	2626	-15	2	6	1	1	1
	2627	-15	2	7	1	1	1
	2628	-15	2	8	1	1	1
	2629	-14	2	-9	1	1	1
	2630	-14	2	-8	1	1	1
	2631	-14	2	-7	1	1	1
	2632	-14	2	-6	1	1	1
	2633	-14	2	-5	1	1	1
	2634	-14	2	-4	1	1	1
	2635	-14	2	-3	1	1	1
	2636	-14	2	-2	1	1	1
	2637	-14	2	-1	1	1	1
	2638	-14	2	0	1	1	1
	2639	-14	2	1	1	1	1
	2640	-14	2	2	1	1	1
	2641	-14	2	3	1	1	1
	2642	-14	2	4	1	1	1
	2643	-14	2	5	1	1	1
	2644	-14	2	6	1	1	1
	2645	-14	2	7	1	1	1
	2646	-14	2	8	1	1	1
	2647	-14	2	9	1	1	1
	2648	-13	2	-9	1	1	1
	2649	-13	2	-8	1	1	1
	2650	-13	2	-7	1	1	1
	2651	-13	2	-6	1	1	1
	2652	-13	2	-5	1	1	1
	2653	-13	2	-4	1	1	1
	2654	-13	2	-3	1	1	1
	2655	-13	2	-2	1	1	1
	2656	-13	2	-1	1	1	1
	2657	-13	2	0	1	1	1
	2658	-13	2	1	1	1	1
	2659	-13	2	2	1	1	1
	2660	-13	2	3	1	1	1
	2661	-13	2	4	1	1	1
	2662	-13	2	5	1	1	1
	2663	-13	2	6	1	1	1
	2664	-13	2	7	1	1	1
	2665	-13	2	8	1	1	1
	2666	-13	2	9	1	1	1
	2667	-12	2	-9	1	1	1
	2668	-12	2	-8	1	1	1
	2669	-12	2	-7	1	1	1
	2670	-12	2	-6	1	1	1
	2671	-12	2	-5	1	1	1
	2672	-12	2	-4	1	1	1
	2673	-12	2	-3	1	1	1
	2674	-12	2	-2	1	1	1
	2675	-12	2	-1	1	1	1
	2676	-12	2	0	1	1	1
	2677	-12	2	1	1	1	1
	2678	-12	2	2	1	1	1
	2679	-12	2	3	1	1	1
	2680	-12	2	4	1	1	1
	2681	-12	2	5	1	1	1
	2682	-12	2	6	1	1	1
	2683	-12	2	7	1	1	1
	2684	-12	2	8	1	1	1
	2685	-12	2	9	1	1	1
	2686	-11	2	-9	1	1	1
	2687	-11	2	-8	1	1	1
	2688	-11	2	-7	1	1	1
	2689	-11	2	-6	1	1	1
	2690	-11	2	-5	1	1	1
	2691	-11	2	-4	1	1	1
	2692	-11	2	-3	1	1	1
	2693	-11	2	-2	1	1	1
	2694	-11	2	-1	1	1	1
	2695	-11	2	0	1	1	1
	2696	-11	2	1	1	1	1
	2697	-11	2	2	1	1	1
	2698	-11	2	3	1	1	1
	2699	-11	2	4	1	1	1
	2700	-11	2	5	1	1	1
	2701	-11	2	6	1	1	1
	2702	-11	2	7	1	1	1
	2703	-11	2	8	1	1	1
	2704	-11	2	9	1	1	1
	2705	-10	2	-9	1	1	1
	2706	-10	2	-8	1	1	1
	2707	-10	2	-7	1	1	1
	2708	-10	2	-6	1	1	1
	2709	-10	2	-5	1	1	1
	2710	-10	2	-4	1	1	1
	2711	-10	2	-3	1	1	1
	2712	-10	2	-2	1	1	1
	2713	-10	2	-1	1	1	1
	2714	-10	2	0	1	1	1
	2715	-10	2	1	1	1	1
	2716	-10	2	2	1	1	1
	2717	-10	2	3	1	1	1
	2718	-10	2	4	1	1	1
	2719	-10	2	5	1	1	1
	2720	-10	2	6	1	1	1
	2721	-10	2	7	1	1	1
	2722	-10	2	8	1	1	1
	2723	-10	2	9	1	1	1
	2724	-9	2	-9	1	1	1
	2725	-9	2	-8	1	1	1
	2726	-9	2	-7	1	1	1
	2727	-9	2	-6	1	1	1
	2728	-9	2	-5	1	1	1
	2729	-9	2	-4	1	1	1
	2730	-9	2	-3	1	1	1
	2731	-9	2	-2	1	1	1
	2732	-9	2	-1	1	1	1
	2733	-9	2	0	1	1	1
	2734	-9	2	1	1	1	1
	2735	-9	2	2	1	1	1
	2736	-9	2	3	1	1	1
	2737	-9	2	4	1	1	1
	2738	-9	2	5	1	1	1
	2739	-9	2	6	1	1	1
	2740	-9	2	7	1	1	1
	2741	-9	2	8	1	1	1
	2742	-9	2	9	1	1	1
	2743	-8	2	-9	1	1	1
	2744	-8	2	-8	1	1	1
	2745	-8	2	-7	1	1	1
	2746	-8	2	-6	1	1	1
	2747	-8	2	-5	1	1	1
	2748	-8	2	-4	1	1	1
	2749	-8	2	-3	1	1	1
	2750	-8	2	-2	1	1	1
	2751	-8	2	-1	1	1	1
	2752	-8	2	0	1	1	1
	2753	-8	2	1	1	1	1
	2754	-8	2	2	1	1	1
	2755	-8	2	3	1	1	1
	2756	-8	2	4	1	1	1
	2757	-8	2	5	1	1	1
	2758	-8	2	6	1	1	1
	2759	-8	2	7	1	1	1
	2760	-8	2	8	1	1	1
	2761	-8	2	9	1	1	1
	2762	-7	2	-8	1	1	1
	2763	-7	2	-7	1	1	1
	2764	-7	2	-6	1	1	1
	2765	-7	2	-5	1	1	1
	2766	-7	2	-4	1	1	1
	2767	-7	2	-3	1	1	1
	2768	-7	2	-2	1	1	1
	2769	-7	2	-1	1	1	1
	2770	-7	2	0	1	1	1
	2771	-7	2	1	1	1	1
	2772	-7	2	2	1	1	1
	2773	-7	2	3	1	1	1
	2774	-7	2	4	1	1	1
	2775	-7	2	5	1	1	1
	2776	-7	2	6	1	1	1
	2777	-7	2	7	1	1	1
	2778	-7	2	8	1	1	1
	2779	-6	2	-8	1	1	1
	2780	-6	2	-7	1	1	1
	2781	-6	2	-6	1	1	1
	2782	-6	2	-5	1	1	1
	2783	-6	2	-4	1	1	1
	2784	-6	2	-3	1	1	1
	2785	-6	2	-2	1	1	1
	2786	-6	2	-1	1	1	1
	2787	-6	2	0	1	1	1
	2788	-6	2	1	1	1	1
	2789	-6	2	2	1	1	1
	2790	-6	2	3	1	1	1
	2791	-6	2	4	1	1	1
	2792	-6	2	5	1	1	1
	2793	-6	2	6	1	1	1
	2794	-6	2	7	1	1	1
	2795	-6	2	8	1	1	1
	2796	-5	2	-7	1	1	1
	2797	-5	2	-6	1	1	1
	2798	-5	2	-5	1	1	1
	2799	-5	2	-4	1	1	1
	2800	-5	2	-3	1	1	1
	2801	-5	2	-2	1	1	1
	2802	-5	2	-1	1	1	1
	2803	-5	2	0	1	1	1
	2804	-5	2	1	1	1	1
	2805	-5	2	2	1	1	1
	2806	-5	2	3	1	1	1
	2807	-5	2	4	1	1	1
	2808	-5	2	5	1	1	1
	2809	-5	2	6	1	1	1
	2810	-5	2	7	1	1	1
	2811	-4	2	-6	1	1	1
	2812	-4	2	-5	1	1	1
	2813	-4	2	-4	1	1	1
	2814	-4	2	-3	1	1	1
	2815	-4	2	-2	1	1	1
	2816	-4	2	-1	1	1	1
	2817	-4	2	0	1	1	1
	2818	-4	2	1	1	1	1
	2819	-4	2	2	1	1	1
	2820	-4	2	3	1	1	1
	2821	-4	2	4	1	1	1
	2822	-4	2	5	1	1	1
	2823	-4	2	6	1	1	1
	2824	-3	2	-5	1	1	1
	2825	-3	2	-4	1	1	1
	2826	-3	2	-3	1	1	1
	2827	-3	2	-2	1	1	1
	2828	-3	2	-1	1	1	1
	2829	-3	2	0	1	1	1
	2830	-3	2	1	1	1	1
	2831	-3	2	2	1	1	1
	2832	-3	2	3	1	1	1
	2833	-3	2	4	1	1	1
	2834	-3	2	5	1	1	1
	2835	-2	2	-3	1	1	1
	2836	-2	2	-2	1	1	1
	2837	-2	2	-1	1	1	1
	2838	-2	2	0	1	1	1
	2839	-2	2	1	1	1	1
	2840	-2	2	2	1	1	1
	2841	-2	2	3	1	1	1
	2842	-20	3	-3	1	1	1
	2843	-20	3	-2	1	1	1
	2844	-20	3	-1	1	1	1
	2845	-20	3	0	1	1	1
	2846	-20	3	1	1	1	1
	2847	-20	3	2	1	1	1
	2848	-20	3	3	1	1	1
	2849	-19	3	-5	1	1	1
	2850	-19	3	-4	1	1	1
	2851	-19	3	-3	1	1	1
	2852	-19	3	-2	1	1	1
	2853	-19	3	-1	1	1	1
	2854	-19	3	0	1	1	1
	2855	-19	3	1	1	1	1
	2856	-19	3	2	1	1	1
	2857	-19	3	3	1	1	1
	2858	-19	3	4	1	1	1
	2859	-19	3	5	1	1	1
	2860	-18	3	-6	1	1	1
	2861	-18	3	-5	1	1	1
	2862	-18	3	-4	1	1	1
	2863	-18	3	-3	1	1	1
	2864	-18	3	-2	1	1	1
	2865	-18	3	-1	1	1	1
	2866	-18	3	0	1	1	1
	2867	-18	3	1	1	1	1
	2868	-18	3	2	1	1	1
	2869	-18	3	3	1	1	1
	2870	-18	3	4	1	1	1
	2871	-18	3	5	1	1	1
	2872	-18	3	6	1	1	1
	2873	-17	3	-7	1	1	1
	2874	-17	3	-6	1	1	1
	2875	-17	3	-5	1	1	1
	2876	-17	3	-4	1	1	1
	2877	-17	3	-3	1	1	1
	2878	-17	3	-2	1	1	1
	2879	-17	3	-1	1	1	1
	2880	-17	3	0	1	1	1
	2881	-17	3	1	1	1	1
	2882	-17	3	2	1	1	1
	2883	-17	3	3	1	1	1
	2884	-17	3	4	1	1	1
	2885	-17	3	5	1	1	1
	2886	-17	3	6	1	1	1
	2887	-17	3	7	1	1	1
	2888	-16	3	-8	1	1	1
	2889	-16	3	-7	1	1	1
	2890	-16	3	-6	1	1	1
	2891	-16	3	-5	1	1	1
	2892	-16	3	-4	1	1	1
	2893	-16	3	-3	1	1	1
	2894	-16	3	-2	1	1	1
	2895	-16	3	-1	1	1	1
	2896	-16	3	0	1	1	1
	2897	-16	3	1	1	1	1
	2898	-16	3	2	1	1	1
	2899	-16	3	3	1	1	1
	2900	-16	3	4	1	1	1
	2901	-16	3	5	1	1	1
	2902	-16	3	6	1	1	1
	2903	-16	3	7	1	1	1
	2904	-16	3	8	1	1	1
	2905	-15	3	-8	1	1	1
	2906	-15	3	-7	1	1	1
	2907	-15	3	-6	1	1	1
	2908	-15	3	-5	1	1	1
	2909	-15	3	-4	1	1	1
	2910	-15	3	-3	1	1	1
	2911	-15	3	-2	1	1	1
	2912	-15	3	-1	1	1	1
	2913	-15	3	0	1	1	1
	2914	-15	3	1	1	1	1
	2915	-15	3	2	1	1	1
	2916	-15	3	3	1	1	1
	2917	-15	3	4	1	1	1
	2918	-15	3	5	1	1	1
	2919	-15	3	6	1	1	1
	2920	-15	3	7	1	1	1
	2921	-15	3	8	1	1	1
	2922	-14	3	-9	1	1	1
	2923	-14	3	-8	1	1	1
	2924	-14	3	-7	1	1	1
	2925	-14	3	-6	1	1	1
	2926	-14	3	-5	1	1	1
	2927	-14	3	-4	1	1	1
	2928	-14	3	-3	1	1	1
	2929	-14	3	-2	1	1	1
	2930	-14	3	-1	1	1	1
	2931	-14	3	0	1	1	1
	2932	-14	3	1	1	1	1
	2933	-14	3	2	1	1	1
	2934	-14	3	3	1	1	1
	2935	-14	3	4	1	1	1
	2936	-14	3	5	1	1	1
	2937	-14	3	6	1	1	1
	2938	-14	3	7	1	1	1
	2939	-14	3	8	1	1	1
	2940	-14	3	9	1	1	1
	2941	-13	3	-9	1	1	1
	2942	-13	3	-8	1	1	1
	2943	-13	3	-7	1	1	1
	2944	-13	3	-6	1	1	1
	2945	-13	3	-5	1	1	1
	2946	-13	3	-4	1	1	1
	2947	-13	3	-3	1	1	1
	2948	-13	3	-2	1	1	1
	2949	-13	3	-1	1	1	1
	2950	-13	3	0	1	1	1
	2951	-13	3	1	1	1	1
	2952	-13	3	2	1	1	1
	2953	-13	3	3	1	1	1
	2954	-13	3	4	1	1	1
	2955	-13	3	5	1	1	1
	2956	-13	3	6	1	1	1
	2957	-13	3	7	1	1	1
	2958	-13	3	8	1	1	1
	2959	-13	3	9	1	1	1
	2960	-12	3	-9	1	1	1
	2961	-12	3	-8	1	1	1
	2962	-12	3	-7	1	1	1
	2963	-12	3	-6	1	1	1
	2964	-12	3	-5	1	1	1
	2965	-12	3	-4	1	1	1
	2966	-12	3	-3	1	1	1
	2967	-12	3	-2	1	1	1
	2968	-12	3	-1	1	1	1
	2969	-12	3	0	1	1	1
	2970	-12	3	1	1	1	1
	2971	-12	3	2	1	1	1
	2972	-12	3	3	1	1	1
	2973	-12	3	4	1	1	1
	2974	-12	3	5	1	1	1
	2975	-12	3	6	1	1	1
	2976	-12	3	7	1	1	1
	2977	-12	3	8	1	1	1
	2978	-12	3	9	1	1	1
	2979	-11	3	-9	1	1	1
	2980	-11	3	-8	1	1	1
	2981	-11	3	-7	1	1	1
	2982	-11	3	-6	1	1	1
	2983	-11	3	-5	1	1	1
	2984	-11	3	-4	1	1	1
	2985	-11	3	-3	1	1	1
	2986	-11	3	-2	1	1	1
	2987	-11	3	-1	1	1	1
	2988	-11	3	0	1	1	1
	2989	-11	3	1	1	1	1
	2990	-11	3	2	1	1	1
	2991	-11	3	3	1	1	1
	2992	-11	3	4	1	1	1
	2993	-11	3	5	1	1	1
	2994	-11	3	6	1	1	1
	2995	-11	3	7	1	1	1
	2996	-11	3	8	1	1	1
	2997	-11	3	9	1	1	1
	2998	-10	3	-9	1	1	1
	2999	-10	3	-8	1	1	1
	3000	-10	3	-7	1	1	1
	3001	-10	3	-6	1	1	1
	3002	-10	3	-5	1	1	1
	3003	-10	3	-4	1	1	1
	3004	-10	3	-3	1	1	1
	3005	-10	3	-2	1	1	1
	3006	-10	3	-1	1	1	1
	3007	-10	3	0	1	1	1
	3008	-10	3	1	1	1	1
	3009	-10	3	2	1	1	1
	3010	-10	3	3	1	1	1
	3011	-10	3	4	1	1	1
	3012	-10	3	5	1	1	1
	3013	-10	3	6	1	1	1
	3014	-10	3	7	1	1	1
	3015	-10	3	8	1	1	1
	3016	-10	3	9	1	1	1
	3017	-9	3	-9	1	1	1
	3018	-9	3	-8	1	1	1
	3019	-9	3	-7	1	1	1
	3020	-9	3	-6	1	1	1
	3021	-9	3	-5	1	1	1
	3022	-9	3	-4	1	1	1
	3023	-9	3	-3	1	1	1
	3024	-9	3	-2	1	1	1
	3025	-9	3	-1	1	1	1
	3026	-9	3	0	1	1	1
	3027	-9	3	1	1	1	1
	3028	-9	3	2	1	1	1
	3029	-9	3	3	1	1	1
	3030	-9	3	4	1	1	1
	3031	-9	3	5	1	1	1
	3032	-9	3	6	1	1	1
	3033	-9	3	7	1	1	1
	3034	-9	3	8	1	1	1
	3035	-9	3	9	1	1	1
	3036	-8	3	-9	1	1	1
	3037	-8	3	-8	1	1	1
	3038	-8	3	-7	1	1	1
	3039	-8	3	-6	1	1	1
	3040	-8	3	-5	1	1	1
	3041	-8	3	-4	1	1	1
	3042	-8	3	-3	1	1	1
	3043	-8	3	-2	1	1	1
	3044	-8	3	-1	1	1	1
	3045	-8	3	0	1	1	1
	3046	-8	3	1	1	1	1
	3047	-8	3	2	1	1	1
	3048	-8	3	3	1	1	1
	3049	-8	3	4	1	1	1
	3050	-8	3	5	1	1	1
	3051	-8	3	6	1	1	1
	3052	-8	3	7	1	1	1
	3053	-8	3	8	1	1	1
	3054	-8	3	9	1	1	1
	3055	-7	3	-8	1	1	1
	3056	-7	3	-7	1	1	1
	3057	-7	3	-6	1	1	1
	3058	-7	3	-5	1	1	1
	3059	-7	3	-4	1	1	1
	3060	-7	3	-3	1	1	1
	3061	-7	3	-2	1	1	1
	3062	-7	3	-1	1	1	1
	3063	-7	3	0	1	1	1
	3064	-7	3	1	1	1	1
	3065	-7	3	2	1	1	1
	3066	-7	3	3	1	1	1
	3067	-7	3	4	1	1	1
	3068	-7	3	5	1	1	1
	3069	-7	3	6	1	1	1
	3070	-7	3	7	1	1	1
	3071	-7	3	8	1	1	1
	3072	-6	3	-8	1	1	1
	3073	-6	3	-7	1	1	1
	3074	-6	3	-6	1	1	1
	3075	-6	3	-5	1	1	1
	3076	-6	3	-4	1	1	1
	3077	-6	3	-3	1	1	1
	3078	-6	3	-2	1	1	1
	3079	-6	3	-1	1	1	1
	3080	-6	3	0	1	1	1
	3081	-6	3	1	1	1	1
	3082	-6	3	2	1	1	1
	3083	-6	3	3	1	1	1
	3084	-6	3	4	1	1	1
	3085	-6	3	5	1	1	1
	3086	-6	3	6	1	1	1
	3087	-6	3	7	1	1	1
	3088	-6	3	8	1	1	1
	3089	-5	3	-7	1	1	1
	3090	-5	3	-6	1	1	1
	3091	-5	3	-5	1	1	1
	3092	-5	3	-4	1	1	1
	3093	-5	3	-3	1	1	1
	3094	-5	3	-2	1	1	1
	3095	-5	3	-1	1	1	1
	3096	-5	3	0	1	1	1
	3097	-5	3	1	1	1	1
	3098	-5	3	2	1	1	1
	3099	-5	3	3	1	1	1
	3100	-5	3	4	1	1	1
	3101	-5	3	5	1	1	1
	3102	-5	3	6	1	1	1
	3103	-5	3	7	1	1	1
	3104	-4	3	-6	1	1	1
	3105	-4	3	-5	1	1	1
	3106	-4	3	-4	1	1	1
	3107	-4	3	-3	1	1	1
	3108	-4	3	-2	1	1	1
	3109	-4	3	-1	1	1	1
	3110	-4	3	0	1	1	1
	3111	-4	3	1	1	1	1
	3112	-4	3	2	1	1	1
	3113	-4	3	3	1	1	1
	3114	-4	3	4	1	1	1
	3115	-4	3	5	1	1	1
	3116	-4	3	6	1	1	1
	3117	-3	3	-5	1	1	1
	3118	-3	3	-4	1	1	1
	3119	-3	3	-3	1	1	1
	3120	-3	3	-2	1	1	1
	3121	-3	3	-1	1	1	1
	3122	-3	3	0	1	1	1
	3123	-3	3	1	1	1	1
	3124	-3	3	2	1	1	1
	3125	-3	3	3	1	1	1
	3126	-3	3	4	1	1	1
	3127	-3	3	5	1	1	1
	3128	-2	3	-3	1	1	1
	3129	-2	3	-2	1	1	1
	3130	-2	3	-1	1	1	1
	3131	-2	3	0	1	1	1
	3132	-2	3	1	1	1	1
	3133	-2	3	2	1	1	1
	3134	-2	3	3	1	1	1
	3135	-20	4	-1	1	1	1
	3136	-20	4	0	1	1	1
	3137	-20	4	1	1	1	1
	3138	-19	4	-4	1	1	1
	3139	-19	4	-3	1	1	1
	3140	-19	4	-2	1	1	1
	3141	-19	4	-1	1	1	1
	3142	-19	4	0	1	1	1
	3143	-19	4	1	1	1	1
	3144	-19	4	2	1	1	1
	3145	-19	4	3	1	1	1
	3146	-19	4	4	1	1	1
	3147	-18	4	-5	1	1	1
	3148	-18	4	-4	1	1	1
	3149	-18	4	-3	1	1	1
	3150	-18	4	-2	1	1	1
	3151	-18	4	-1	1	1	1
	3152	-18	4	0	1	1	1
	3153	-18	4	1	1	1	1
	3154	-18	4	2	1	1	1
	3155	-18	4	3	1	1	1
	3156	-18	4	4	1	1	1
	3157	-18	4	5	1	1	1
	3158	-17	4	-6	1	1	1
	3159	-17	4	-5	1	1	1
	3160	-17	4	-4	1	1	1
	3161	-17	4	-3	1	1	1
	3162	-17	4	-2	1	1	1
	3163	-17	4	-1	1	1	1
	3164	-17	4	0	1	1	1
	3165	-17	4	1	1	1	1
	3166	-17	4	2	1	1	1
	3167	-17	4	3	1	1	1
	3168	-17	4	4	1	1	1
	3169	-17	4	5	1	1	1
	3170	-17	4	6	1	1	1
	3171	-16	4	-7	1	1	1
	3172	-16	4	-6	1	1	1
	3173	-16	4	-5	1	1	1
	3174	-16	4	-4	1	1	1
	3175	-16	4	-3	1	1	1
	3176	-16	4	-2	1	1	1
	3177	-16	4	-1	1	1	1
	3178	-16	4	0	1	1	1
	3179	-16	4	1	1	1	1
	3180	-16	4	2	1	1	1
	3181	-16	4	3	1	1	1
	3182	-16	4	4	1	1	1
	3183	-16	4	5	1	1	1
	3184	-16	4	6	1	1	1
	3185	-16	4	7	1	1	1
	3186	-15	4	-8	1	1	1
	3187	-15	4	-7	1	1	1
	3188	-15	4	-6	1	1	1
	3189	-15	4	-5	1	1	1
	3190	-15	4	-4	1	1	1
	3191	-15	4	-3	1	1	1
	3192	-15	4	-2	1	1	1
	3193	-15	4	-1	1	1	1
	3194	-15	4	0	1	1	1
	3195	-15	4	1	1	1	1
	3196	-15	4	2	1	1	1
	3197	-15	4	3	1	1	1
	3198	-15	4	4	1	1	1
	3199	-15	4	5	1	1	1
	3200	-15	4	6	1	1	1
	3201	-15	4	7	1	1	1
	3202	-15	4	8	1	1	1
	3203	-14	4	-8	1	1	1
	3204	-14	4	-7	1	1	1
	3205	-14	4	-6	1	1	1
	3206	-14	4	-5	1	1	1
	3207	-14	4	-4	1	1	1
	3208	-14	4	-3	1	1	1
	3209	-14	4	-2	1	1	1
	3210	-14	4	-1	1	1	1
	3211	-14	4	0	1	1	1
	3212	-14	4	1	1	1	1
	3213	-14	4	2	1	1	1
	3214	-14	4	3	1	1	1
	3215	-14	4	4	1	1	1
	3216	-14	4	5	1	1	1
	3217	-14	4	6	1	1	1
	3218	-14	4	7	1	1	1
	3219	-14	4	8	1	1	1
	3220	-13	4	-8	1	1	1
	3221	-13	4	-7	1	1	1
	3222	-13	4	-6	1	1	1
	3223	-13	4	-5	1	1	1
	3224	-13	4	-4	1	1	1
	3225	-13	4	-3	1	1	1
	3226	-13	4	-2	1	1	1
	3227	-13	4	-1	1	1	1
	3228	-13	4	0	1	1	1
	3229	-13	4	1	1	1	1
	3230	-13	4	2	1	1	1
	3231	-13	4	3	1	1	1
	3232	-13	4	4	1	1	1
	3233	-13	4	5	1	1	1
	3234	-13	4	6	1	1	1
	3235	-13	4	7	1	1	1
	3236	-13	4	8	1	1	1
	3237	-12	4	-9	1	1	1
	3238	-12	4	-8	1	1	1
	3239	-12	4	-7	1	1	1
	3240	-12	4	-6	1	1	1
	3241	-12	4	-5	1	1	1
	3242	-12	4	-4	1	1	1
	3243	-12	4	-3	1	1	1
	3244	-12	4	-2	1	1	1
	3245	-12	4	-1	1	1	1
	3246	-12	4	0	1	1	1
	3247	-12	4	1	1	1	1
	3248	-12	4	2	1	1	1
	3249	-12	4	3	1	1	1
	3250	-12	4	4	1	1	1
	3251	-12	4	5	1	1	1
	3252	-12	4	6	1	1	1
	3253	-12	4	7	1	1	1
	3254	-12	4	8	1	1	1
	3255	-12	4	9	1	1	1
	3256	-11	4	-9	1	1	1
	3257	-11	4	-8	1	1	1
	3258	-11	4	-7	1	1	1
	3259	-11	4	-6	1	1	1
	3260	-11	4	-5	1	1	1
	3261	-11	4	-4	1	1	1
	3262	-11	4	-3	1	1	1
	3263	-11	4	-2	1	1	1
	3264	-11	4	-1	1	1	1
	3265	-11	4	0	1	1	1
	3266	-11	4	1	1	1	1
	3267	-11	4	2	1	1	1
	3268	-11	4	3	1	1	1
	3269	-11	4	4	1	1	1
	3270	-11	4	5	1	1	1
	3271	-11	4	6	1	1	1
	3272	-11	4	7	1	1	1
	3273	-11	4	8	1	1	1
	3274	-11	4	9	1	1	1
	3275	-10	4	-9	1	1	1
	3276	-10	4	-8	1	1	1
	3277	-10	4	-7	1	1	1
	3278	-10	4	-6	1	1	1
	3279	-10	4	-5	1	1	1
	3280	-10	4	-4	1	1	1
	3281	-10	4	-3	1	1	1
	3282	-10	4	-2	1	1	1
	3283	-10	4	-1	1	1	1
	3284	-10	4	0	1	1	1
	3285	-10	4	1	1	1	1
	3286	-10	4	2	1	1	1
	3287	-10	4	3	1	1	1
	3288	-10	4	4	1	1	1
	3289	-10	4	5	1	1	1
	3290	-10	4	6	1	1	1
	3291	-10	4	7	1	1	1
	3292	-10	4	8	1	1	1
	3293	-10	4	9	1	1	1
	3294	-9	4	-8	1	1	1
	3295	-9	4	-7	1	1	1
	3296	-9	4	-6	1	1	1
	3297	-9	4	-5	1	1	1
	3298	-9	4	-4	1	1	1
	3299	-9	4	-3	1	1	1
	3300	-9	4	-2	1	1	1
	3301	-9	4	-1	1	1	1
	3302	-9	4	0	1	1	1
	3303	-9	4	1	1	1	1
	3304	-9	4	2	1	1	1
	3305	-9	4	3	1	1	1
	3306	-9	4	4	1	1	1
	3307	-9	4	5	1	1	1
	3308	-9	4	6	1	1	1
	3309	-9	4	7	1	1	1
	3310	-9	4	8	1	1	1
	3311	-8	4	-8	1	1	1
	3312	-8	4	-7	1	1	1
	3313	-8	4	-6	1	1	1
	3314	-8	4	-5	1	1	1
	3315	-8	4	-4	1	1	1
	3316	-8	4	-3	1	1	1
	3317	-8	4	-2	1	1	1
	3318	-8	4	-1	1	1	1
	3319	-8	4	0	1	1	1
	3320	-8	4	1	1	1	1
	3321	-8	4	2	1	1	1
	3322	-8	4	3	1	1	1
	3323	-8	4	4	1	1	1
	3324	-8	4	5	1	1	1
	3325	-8	4	6	1	1	1
	3326	-8	4	7	1	1	1
	3327	-8	4	8	1	1	1
	3328	-7	4	-8	1	1	1
	3329	-7	4	-7	1	1	1
	3330	-7	4	-6	1	1	1
	3331	-7	4	-5	1	1	1
	3332	-7	4	-4	1	1	1
	3333	-7	4	-3	1	1	1
	3334	-7	4	-2	1	1	1
	3335	-7	4	-1	1	1	1
	3336	-7	4	0	1	1	1
	3337	-7	4	1	1	1	1
	3338	-7	4	2	1	1	1
	3339	-7	4	3	1	1	1
	3340	-7	4	4	1	1	1
	3341	-7	4	5	1	1	1
	3342	-7	4	6	1	1	1
	3343	-7	4	7	1	1	1
	3344	-7	4	8	1	1	1
	3345	-6	4	-7	1	1	1
	3346	-6	4	-6	1	1	1
	3347	-6	4	-5	1	1	1
	3348	-6	4	-4	1	1	1
	3349	-6	4	-3	1	1	1
	3350	-6	4	-2	1	1	1
	3351	-6	4	-1	1	1	1
	3352	-6	4	0	1	1	1
	3353	-6	4	1	1	1	1
	3354	-6	4	2	1	1	1
	3355	-6	4	3	1	1	1
	3356	-6	4	4	1	1	1
	3357	-6	4	5	1	1	1
	3358	-6	4	6	1	1	1
	3359	-6	4	7	1	1	1
	3360	-5	4	-6	1	1	1
	3361	-5	4	-5	1	1	1
	3362	-5	4	-4	1	1	1
	3363	-5	4	-3	1	1	1
	3364	-5	4	-2	1	1	1
	3365	-5	4	-1	1	1	1
	3366	-5	4	0	1	1	1
	3367	-5	4	1	1	1	1
	3368	-5	4	2	1	1	1
	3369	-5	4	3	1	1	1
	3370	-5	4	4	1	1	1
	3371	-5	4	5	1	1	1
	3372	-5	4	6	1	1	1
	3373	-4	4	-5	1	1	1
	3374	-4	4	-4	1	1	1
	3375	-4	4	-3	1	1	1
	3376	-4	4	-2	1	1	1
	3377	-4	4	-1	1	1	1
	3378	-4	4	0	1	1	1
	3379	-4	4	1	1	1	1
	3380	-4	4	2	1	1	1
	3381	-4	4	3	1	1	1
	3382	-4	4	4	1	1	1
	3383	-4	4	5	1	1	1
	3384	-3	4	-4	1	1	1
	3385	-3	4	-3	1	1	1
	3386	-3	4	-2	1	1	1
	3387	-3	4	-1	1	1	1
	3388	-3	4	0	1	1	1
	3389	-3	4	1	1	1	1
	3390	-3	4	2	1	1	1
	3391	-3	4	3	1	1	1
	3392	-3	4	4	1	1	1
	3393	-2	4	-1	1	1	1
	3394	-2	4	0	1	1	1
	3395	-2	4	1	1	1	1
	3396	-19	5	-3	1	1	1
	3397	-19	5	-2	1	1	1
	3398	-19	5	-1	1	1	1
	3399	-19	5	0	1	1	1
	3400	-19	5	1	1	1	1
	3401	-19	5	2	1	1	1
	3402	-19	5	3	1	1	1
	3403	-18	5	-5	1	1	1
	3404	-18	5	-4	1	1	1
	3405	-18	5	-3	1	1	1
	3406	-18	5	-2	1	1	1
	3407	-18	5	-1	1	1	1
	3408	-18	5	0	1	1	1
	3409	-18	5	1	1	1	1
	3410	-18	5	2	1	1	1
	3411	-18	5	3	1	1	1
	3412	-18	5	4	1	1	1
	3413	-18	5	5	1	1	1
	3414	-17	5	-6	1	1	1
	3415	-17	5	-5	1	1	1
	3416	-17	5	-4	1	1	1
	3417	-17	5	-3	1	1	1
	3418	-17	5	-2	1	1	1
	3419	-17	5	-1	1	1	1
	3420	-17	5	0	1	1	1
	3421	-17	5	1	1	1	1
	3422	-17	5	2	1	1	1
	3423	-17	5	3	1	1	1
	3424	-17	5	4	1	1	1
	3425	-17	5	5	1	1	1
	3426	-17	5	6	1	1	1
	3427	-16	5	-7	1	1	1
	3428	-16	5	-6	1	1	1
	3429	-16	5	-5	1	1	1
	3430	-16	5	-4	1	1	1
	3431	-16	5	-3	1	1	1
	3432	-16	5	-2	1	1	1
	3433	-16	5	-1	1	1	1
	3434	-16	5	0	1	1	1
	3435	-16	5	1	1	1	1
	3436	-16	5	2	1	1	1
	3437	-16	5	3	1	1	1
	3438	-16	5	4	1	1	1
	3439	-16	5	5	1	1	1
	3440	-16	5	6	1	1	1
	3441	-16	5	7	1	1	1
	3442	-15	5	-7	1	1	1
	3443	-15	5	-6	1	1	1
	3444	-15	5	-5	1	1	1
	3445	-15	5	-4	1	1	1
	3446	-15	5	-3	1	1	1
	3447	-15	5	-2	1	1	1
	3448	-15	5	-1	1	1	1
	3449	-15	5	0	1	1	1
	3450	-15	5	1	1	1	1
	3451	-15	5	2	1	1	1
	3452	-15	5	3	1	1	1
	3453	-15	5	4	1	1	1
	3454	-15	5	5	1	1	1
	3455	-15	5	6	1	1	1
	3456	-15	5	7	1	1	1
	3457	-14	5	-8	1	1	1
	3458	-14	5	-7	1	1	1
	3459	-14	5	-6	1	1	1
	3460	-14	5	-5	1	1	1
	3461	-14	5	-4	1	1	1
	3462	-14	5	-3	1	1	1
	3463	-14	5	-2	1	1	1
	3464	-14	5	-1	1	1	1
	3465	-14	5	0	1	1	1
	3466	-14	5	1	1	1	1
	3467	-14	5	2	1	1	1
	3468	-14	5	3	1	1	1
	3469	-14	5	4	1	1	1
	3470	-14	5	5	1	1	1
	3471	-14	5	6	1	1	1
	3472	-14	5	7	1	1	1
	3473	-14	5	8	1	1	1
	3474	-13	5	-8	1	1	1
	3475	-13	5	-7	1	1	1
	3476	-13	5	-6	1	1	1
	3477	-13	5	-5	1	1	1
	3478	-13	5	-4	1	1	1
	3479	-13	5	-3	1	1	1
	3480	-13	5	-2	1	1	1
	3481	-13	5	-1	1	1	1
	3482	-13	5	0	1	1	1
	3483	-13	5	1	1	1	1
	3484	-13	5	2	1	1	1
	3485	-13	5	3	1	1	1
	3486	-13	5	4	1	1	1
	3487	-13	5	5	1	1	1
	3488	-13	5	6	1	1	1
	3489	-13	5	7	1	1	1
	3490	-13	5	8	1	1	1
	3491	-12	5	-8	1	1	1
	3492	-12	5	-7	1	1	1
	3493	-12	5	-6	1	1	1
	3494	-12	5	-5	1	1	1
	3495	-12	5	-4	1	1	1
	3496	-12	5	-3	1	1	1
	3497	-12	5	-2	1	1	1
	3498	-12	5	-1	1	1	1
	3499	-12	5	0	1	1	1
	3500	-12	5	1	1	1	1
	3501	-12	5	2	1	1	1
	3502	-12	5	3	1	1	1
	3503	-12	5	4	1	1	1
	3504	-12	5	5	1	1	1
	3505	-12	5	6	1	1	1
	3506	-12	5	7	1	1	1
	3507	-12	5	8	1	1	1
	3508	-11	5	-8	1	1	1
	3509	-11	5	-7	1	1	1
	3510	-11	5	-6	1	1	1
	3511	-11	5	-5	1	1	1
	3512	-11	5	-4	1	1	1
	3513	-11	5	-3	1	1	1
	3514	-11	5	-2	1	1	1
	3515	-11	5	-1	1	1	1
	3516	-11	5	0	1	1	1
	3517	-11	5	1	1	1	1
	3518	-11	5	2	1	1	1
	3519	-11	5	3	1	1	1
	3520	-11	5	4	1	1	1
	3521	-11	5	5	1	1	1
	3522	-11	5	6	1	1	1
	3523	-11	5	7	1	1	1
	3524	-11	5	8	1	1	1
	3525	-10	5	-8	1	1	1
	3526	-10	5	-7	1	1	1
	3527	-10	5	-6	1	1	1
	3528	-10	5	-5	1	1	1
	3529	-10	5	-4	1	1	1
	3530	-10	5	-3	1	1	1
	3531	-10	5	-2	1	1	1
	3532	-10	5	-1	1	1	1
	3533	-10	5	0	1	1	1
	3534	-10	5	1	1	1	1
	3535	-10	5	2	1	1	1
	3536	-10	5	3	1	1	1
	3537	-10	5	4	1	1	1
	3538	-10	5	5	1	1	1
	3539	-10	5	6	1	1	1
	3540	-10	5	7	1	1	1
	3541	-10	5	8	1	1	1
	3542	-9	5	-8	1	1	1
	3543	-9	5	-7	1	1	1
	3544	-9	5	-6	1	1	1
	3545	-9	5	-5	1	1	1
	3546	-9	5	-4	1	1	1
	3547	-9	5	-3	1	1	1
	3548	-9	5	-2	1	1	1
	3549	-9	5	-1	1	1	1
	3550	-9	5	0	1	1	1
	3551	-9	5	1	1	1	1
	3552	-9	5	2	1	1	1
	3553	-9	5	3	1	1	1
	3554	-9	5	4	1	1	1
	3555	-9	5	5	1	1	1
	3556	-9	5	6	1	1	1
	3557	-9	5	7	1	1	1
	3558	-9	5	8	1	1	1
	3559	-8	5	-8	1	1	1
	3560	-8	5	-7	1	1	1
	3561	-8	5	-6	1	1	1
	3562	-8	5	-5	1	1	1
	3563	-8	5	-4	1	1	1
	3564	-8	5	-3	1	1	1
	3565	-8	5	-2	1	1	1
	3566	-8	5	-1	1	1	1
	3567	-8	5	0	1	1	1
	3568	-8	5	1	1	1	1
	3569	-8	5	2	1	1	1
	3570	-8	5	3	1	1	1
	3571	-8	5	4	1	1	1
	3572	-8	5	5	1	1	1
	3573	-8	5	6	1	1	1
	3574	-8	5	7	1	1	1
	3575	-8	5	8	1	1	1
	3576	-7	5	-7	1	1	1
	3577	-7	5	-6	1	1	1
	3578	-7	5	-5	1	1	1
	3579	-7	5	-4	1	1	1
	3580	-7	5	-3	1	1	1
	3581	-7	5	-2	1	1	1
	3582	-7	5	-1	1	1	1
	3583	-7	5	0	1	1	1
	3584	-7	5	1	1	1	1
	3585	-7	5	2	1	1	1
	3586	-7	5	3	1	1	1
	3587	-7	5	4	1	1	1
	3588	-7	5	5	1	1	1
	3589	-7	5	6	1	1	1
	3590	-7	5	7	1	1	1
	3591	-6	5	-7	1	1	1
	3592	-6	5	-6	1	1	1
	3593	-6	5	-5	1	1	1
	3594	-6	5	-4	1	1	1
	3595	-6	5	-3	1	1	1
	3596	-6	5	-2	1	1	1
	3597	-6	5	-1	1	1	1
	3598	-6	5	0	1	1	1
	3599	-6	5	1	1	1	1
	3600	-6	5	2	1	1	1
	3601	-6	5	3	1	1	1
	3602	-6	5	4	1	1	1
	3603	-6	5	5	1	1	1
	3604	-6	5	6	1	1	1
	3605	-6	5	7	1	1	1
	3606	-5	5	-6	1	1	1
	3607	-5	5	-5	1	1	1
	3608	-5	5	-4	1	1	1
	3609	-5	5	-3	1	1	1
	3610	-5	5	-2	1	1	1
	3611	-5	5	-1	1	1	1
	3612	-5	5	0	1	1	1
	3613	-5	5	1	1	1	1
	3614	-5	5	2	1	1	1
	3615	-5	5	3	1	1	1
	3616	-5	5	4	1	1	1
	3617	-5	5	5	1	1	1
	3618	-5	5	6	1	1	1
	3619	-4	5	-5	1	1	1
	3620	-4	5	-4	1	1	1
	3621	-4	5	-3	1	1	1
	3622	-4	5	-2	1	1	1
	3623	-4	5	-1	1	1	1
	3624	-4	5	0	1	1	1
	3625	-4	5	1	1	1	1
	3626	-4	5	2	1	1	1
	3627	-4	5	3	1	1	1
	3628	-4	5	4	1	1	1
	3629	-4	5	5	1	1	1
	3630	-3	5	-3	1	1	1
	3631	-3	5	-2	1	1	1
	3632	-3	5	-1	1	1	1
	3633	-3	5	0	1	1	1
	3634	-3	5	1	1	1	1
	3635	-3	5	2	1	1	1
	3636	-3	5	3	1	1	1
	3637	-19	6	0	1	1	1
	3638	-18	6	-3	1	1	1
	3639	-18	6	-2	1	1	1
	3640	-18	6	-1	1	1	1
	3641	-18	6	0	1	1	1
	3642	-18	6	1	1	1	1
	3643	-18	6	2	1	1	1
	3644	-18	6	3	1	1	1
	3645	-17	6	-5	1	1	1
	3646	-17	6	-4	1	1	1
	3647	-17	6	-3	1	1	1
	3648	-17	6	-2	1	1	1
	3649	-17	6	-1	1	1	1
	3650	-17	6	0	1	1	1
	3651	-17	6	1	1	1	1
	3652	-17	6	2	1	1	1
	3653	-17	6	3	1	1	1
	3654	-17	6	4	1	1	1
	3655	-17	6	5	1	1	1
	3656	-16	6	-6	1	1	1
	3657	-16	6	-5	1	1	1
	3658	-16	6	-4	1	1	1
	3659	-16	6	-3	1	1	1
	3660	-16	6	-2	1	1	1
	3661	-16	6	-1	1	1	1
	3662	-16	6	0	1	1	1
	3663	-16	6	1	1	1	1
	3664	-16	6	2	1	1	1
	3665	-16	6	3	1	1	1
	3666	-16	6	4	1	1	1
	3667	-16	6	5	1	1	1
	3668	-16	6	6	1	1	1
	3669	-15	6	-6	1	1	1
	3670	-15	6	-5	1	1	1
	3671	-15	6	-4	1	1	1
	3672	-15	6	-3	1	1	1
	3673	-15	6	-2	1	1	1
	3674	-15	6	-1	1	1	1
	3675	-15	6	0	1	1	1
	3676	-15	6	1	1	1	1
	3677	-15	6	2	1	1	1
	3678	-15	6	3	1	1	1
	3679	-15	6	4	1	1	1
	3680	-15	6	5	1	1	1
	3681	-15	6	6	1	1	1
	3682	-14	6	-7	1	1	1
	3683	-14	6	-6	1	1	1
	3684	-14	6	-5	1	1	1
	3685	-14	6	-4	1	1	1
	3686	-14	6	-3	1	1	1
	3687	-14	6	-2	1	1	1
	3688	-14	6	-1	1	1	1
	3689	-14	6	0	1	1	1
	3690	-14	6	1	1	1	1
	3691	-14	6	2	1	1	1
	3692	-14	6	3	1	1	1
	3693	-14	6	4	1	1	1
	3694	-14	6	5	1	1	1
	3695	-14	6	6	1	1	1
	3696	-14	6	7	1	1	1
	3697	-13	6	-7	1	1	1
	3698	-13	6	-6	1	1	1
	3699	-13	6	-5	1	1	1
	3700	-13	6	-4	1	1	1
	3701	-13	6	-3	1	1	1
	3702	-13	6	-2	1	1	1
	3703	-13	6	-1	1	1	1
	3704	-13	6	0	1	1	1
	3705	-13	6	1	1	1	1
	3706	-13	6	2	1	1	1
	3707	-13	6	3	1	1	1
	3708	-13	6	4	1	1	1
	3709	-13	6	5	1	1	1
	3710	-13	6	6	1	1	1
	3711	-13	6	7	1	1	1
	3712	-12	6	-7	1	1	1
	3713	-12	6	-6	1	1	1
	3714	-12	6	-5	1	1	1
	3715	-12	6	-4	1	1	1
	3716	-12	6	-3	1	1	1
	3717	-12	6	-2	1	1	1
	3718	-12	6	-1	1	1	1
	3719	-12	6	0	1	1	1
	3720	-12	6	1	1	1	1
	3721	-12	6	2	1	1	1
	3722	-12	6	3	1	1	1
	3723	-12	6	4	1	1	1
	3724	-12	6	5	1	1	1
	3725	-12	6	6	1	1	1
	3726	-12	6	7	1	1	1
	3727	-11	6	-8	1	1	1
	3728	-11	6	-7	1	1	1
	3729	-11	6	-6	1	1	1
	3730	-11	6	-5	1	1	1
	3731	-11	6	-4	1	1	1
	3732	-11	6	-3	1	1	1
	3733	-11	6	-2	1	1	1
	3734	-11	6	-1	1	1	1
	3735	-11	6	0	1	1	1
	3736	-11	6	1	1	1	1
	3737	-11	6	2	1	1	1
	3738	-11	6	3	1	1	1
	3739	-11	6	4	1	1	1
	3740	-11	6	5	1	1	1
	3741	-11	6	6	1	1	1
	3742	-11	6	7	1	1	1
	3743	-11	6	8	1	1	1
	3744	-10	6	-7	1	1	1
	3745	-10	6	-6	1	1	1
	3746	-10	6	-5	1	1	1
	3747	-10	6	-4	1	1	1
	3748	-10	6	-3	1	1	1
	3749	-10	6	-2	1	1	1
	3750	-10	6	-1	1	1	1
	3751	-10	6	0	1	1	1
	3752	-10	6	1	1	1	1
	3753	-10	6	2	1	1	1
	3754	-10	6	3	1	1	1
	3755	-10	6	4	1	1	1
	3756	-10	6	5	1	1	1
	3757	-10	6	6	1	1	1
	3758	-10	6	7	1	1	1
	3759	-9	6	-7	1	1	1
	3760	-9	6	-6	1	1	1
	3761	-9	6	-5	1	1	1
	3762	-9	6	-4	1	1	1
	3763	-9	6	-3	1	1	1
	3764	-9	6	-2	1	1	1
	3765	-9	6	-1	1	1	1
	3766	-9	6	0	1	1	1
	3767	-9	6	1	1	1	1
	3768	-9	6	2	1	1	1
	3769	-9	6	3	1	1	1
	3770	-9	6	4	1	1	1
	3771	-9	6	5	1	1	1
	3772	-9	6	6	1	1	1
	3773	-9	6	7	1	1	1
	3774	-8	6	-7	1	1	1
	3775	-8	6	-6	1	1	1
	3776	-8	6	-5	1	1	1
	3777	-8	6	-4	1	1	1
	3778	-8	6	-3	1	1	1
	3779	-8	6	-2	1	1	1
	3780	-8	6	-1	1	1	1
	3781	-8	6	0	1	1	1
	3782	-8	6	1	1	1	1
	3783	-8	6	2	1	1	1
	3784	-8	6	3	1	1	1
	3785	-8	6	4	1	1	1
	3786	-8	6	5	1	1	1
	3787	-8	6	6	1	1	1
	3788	-8	6	7	1	1	1
	3789	-7	6	-6	1	1	1
	3790	-7	6	-5	1	1	1
	3791	-7	6	-4	1	1	1
	3792	-7	6	-3	1	1	1
	3793	-7	6	-2	1	1	1
	3794	-7	6	-1	1	1	1
	3795	-7	6	0	1	1	1
	3796	-7	6	1	1	1	1
	3797	-7	6	2	1	1	1
	3798	-7	6	3	1	1	1
	3799	-7	6	4	1	1	1
	3800	-7	6	5	1	1	1
	3801	-7	6	6	1	1	1
	3802	-6	6	-6	1	1	1
	3803	-6	6	-5	1	1	1
	3804	-6	6	-4	1	1	1
	3805	-6	6	-3	1	1	1
	3806	-6	6	-2	1	1	1
	3807	-6	6	-1	1	1	1
	3808	-6	6	0	1	1	1
	3809	-6	6	1	1	1	1
	3810	-6	6	2	1	1	1
	3811	-6	6	3	1	1	1
	3812	-6	6	4	1	1	1
	3813	-6	6	5	1	1	1
	3814	-6	6	6	1	1	1
	3815	-5	6	-5	1	1	1
	3816	-5	6	-4	1	1	1
	3817	-5	6	-3	1	1	1
	3818	-5	6	-2	1	1	1
	3819	-5	6	-1	1	1	1
	3820	-5	6	0	1	1	1
	3821	-5	6	1	1	1	1
	3822	-5	6	2	1	1	1
	3823	-5	6	3	1	1	1
	3824	-5	6	4	1	1	1
	3825	-5	6	5	1	1	1
	3826	-4	6	-3	1	1	1
	3827	-4	6	-2	1	1	1
	3828	-4	6	-1	1	1	1
	3829	-4	6	0	1	1	1
	3830	-4	6	1	1	1	1
	3831	-4	6	2	1	1	1
	3832	-4	6	3	1	1	1
	3833	-3	6	0	1	1	1
	3834	-18	7	-1	1	1	1
	3835	-18	7	0	1	1	1
	3836	-18	7	1	1	1	1
	3837	-17	7	-3	1	1	1
	3838	-17	7	-2	1	1	1
	3839	-17	7	-1	1	1	1
	3840	-17	7	0	1	1	1
	3841	-17	7	1	1	1	1
	3842	-17	7	2	1	1	1
	3843	-17	7	3	1	1	1
	3844	-16	7	-5	1	1	1
	3845	-16	7	-4	1	1	1
	3846	-16	7	-3	1	1	1
	3847	-16	7	-2	1	1	1
	3848	-16	7	-1	1	1	1
	3849	-16	7	0	1	1	1
	3850	-16	7	1	1	1	1
	3851	-16	7	2	1	1	1
	3852	-16	7	3	1	1	1
	3853	-16	7	4	1	1	1
	3854	-16	7	5	1	1	1
	3855	-15	7	-5	1	1	1
	3856	-15	7	-4	1	1	1
	3857	-15	7	-3	1	1	1
	3858	-15	7	-2	1	1	1
	3859	-15	7	-1	1	1	1
	3860	-15	7	0	1	1	1
	3861	-15	7	1	1	1	1
	3862	-15	7	2	1	1	1
	3863	-15	7	3	1	1	1
	3864	-15	7	4	1	1	1
	3865	-15	7	5	1	1	1
	3866	-14	7	-6	1	1	1
	3867	-14	7	-5	1	1	1
	3868	-14	7	-4	1	1	1
	3869	-14	7	-3	1	1	1
	3870	-14	7	-2	1	1	1
	3871	-14	7	-1	1	1	1
	3872	-14	7	0	1	1	1
	3873	-14	7	1	1	1	1
	3874	-14	7	2	1	1	1
	3875	-14	7	3	1	1	1
	3876	-14	7	4	1	1	1
	3877	-14	7	5	1	1	1
	3878	-14	7	6	1	1	1
	3879	-13	7	-6	1	1	1
	3880	-13	7	-5	1	1	1
	3881	-13	7	-4	1	1	1
	3882	-13	7	-3	1	1	1
	3883	-13	7	-2	1	1	1
	3884	-13	7	-1	1	1	1
	3885	-13	7	0	1	1	1
	3886	-13	7	1	1	1	1
	3887	-13	7	2	1	1	1
	3888	-13	7	3	1	1	1
	3889	-13	7	4	1	1	1
	3890	-13	7	5	1	1	1
	3891	-13	7	6	1	1	1
	3892	-12	7	-7	1	1	1
	3893	-12	7	-6	1	1	1
	3894	-12	7	-5	1	1	1
	3895	-12	7	-4	1	1	1
	3896	-12	7	-3	1	1	1
	3897	-12	7	-2	1	1	1
	3898	-12	7	-1	1	1	1
	3899	-12	7	0	1	1	1
	3900	-12	7	1	1	1	1
	3901	-12	7	2	1	1	1
	3902	-12	7	3	1	1	1
	3903	-12	7	4	1	1	1
	3904	-12	7	5	1	1	1
	3905	-12	7	6	1	1	1
	3906	-12	7	7	1	1	1
	3907	-11	7	-7	1	1	1
	3908	-11	7	-6	1	1	1
	3909	-11	7	-5	1	1	1
	3910	-11	7	-4	1	1	1
	3911	-11	7	-3	1	1	1
	3912	-11	7	-2	1	1	1
	3913	-11	7	-1	1	1	1
	3914	-11	7	0	1	1	1
	3915	-11	7	1	1	1	1
	3916	-11	7	2	1	1	1
	3917	-11	7	3	1	1	1
	3918	-11	7	4	1	1	1
	3919	-11	7	5	1	1	1
	3920	-11	7	6	1	1	1
	3921	-11	7	7	1	1	1
	3922	-10	7	-7	1	1	1
	3923	-10	7	-6	1	1	1
	3924	-10	7	-5	1	1	1
	3925	-10	7	-4	1	1	1
	3926	-10	7	-3	1	1	1
	3927	-10	7	-2	1	1	1
	3928	-10	7	-1	1	1	1
	3929	-10	7	0	1	1	1
	3930	-10	7	1	1	1	1
	3931	-10	7	2	1	1	1
	3932	-10	7	3	1	1	1
	3933	-10	7	4	1	1	1
	3934	-10	7	5	1	1	1
	3935	-10	7	6	1	1	1
	3936	-10	7	7	1	1	1
	3937	-9	7	-6	1	1	1
	3938	-9	7	-5	1	1	1
	3939	-9	7	-4	1	1	1
	3940	-9	7	-3	1	1	1
	3941	-9	7	-2	1	1	1
	3942	-9	7	-1	1	1	1
	3943	-9	7	0	1	1	1
	3944	-9	7	1	1	1	1
	3945	-9	7	2	1	1	1
	3946	-9	7	3	1	1	1
	3947	-9	7	4	1	1	1
	3948	-9	7	5	1	1	1
	3949	-9	7	6	1	1	1
	3950	-8	7	-6	1	1	1
	3951	-8	7	-5	1	1	1
	3952	-8	7	-4	1	1	1
	3953	-8	7	-3	1	1	1
	3954	-8	7	-2	1	1	1
	3955	-8	7	-1	1	1	1
	3956	-8	7	0	1	1	1
	3957	-8	7	1	1	1	1
	3958	-8	7	2	1	1	1
	3959	-8	7	3	1	1	1
	3960	-8	7	4	1	1	1
	3961	-8	7	5	1	1	1
	3962	-8	7	6	1	1	1
	3963	-7	7	-5	1	1	1
	3964	-7	7	-4	1	1	1
	3965	-7	7	-3	1	1	1
	3966	-7	7	-2	1	1	1
	3967	-7	7	-1	1	1	1
	3968	-7	7	0	1	1	1
	3969	-7	7	1	1	1	1
	3970	-7	7	2	1	1	1
	3971	-7	7	3	1	1	1
	3972	-7	7	4	1	1	1
	3973	-7	7	5	1	1	1
	3974	-6	7	-5	1	1	1
	3975	-6	7	-4	1	1	1
	3976	-6	7	-3	1	1	1
	3977	-6	7	-2	1	1	1
	3978	-6	7	-1	1	1	1
	3979	-6	7	0	1	1	1
	3980	-6	7	1	1	1	1
	3981	-6	7	2	1	1	1
	3982	-6	7	3	1	1	1
	3983	-6	7	4	1	1	1
	3984	-6	7	5	1	1	1
	3985	-5	7	-3	1	1	1
	3986	-5	7	-2	1	1	1
	3987	-5	7	-1	1	1	1
	3988	-5	7	0	1	1	1
	3989	-5	7	1	1	1	1
	3990	-5	7	2	1	1	1
	3991	-5	7	3	1	1	1
	3992	-4	7	-1	1	1	1
	3993	-4	7	0	1	1	1
	3994	-4	7	1	1	1	1
	3995	-17	8	0	1	1	1
	3996	-16	8	-3	1	1	1
	3997	-16	8	-2	1	1	1
	3998	-16	8	-1	1	1	1
	3999	-16	8	0	1	1	1
	4000	-16	8	1	1	1	1
	4001	-16	8	2	1	1	1
	4002	-16	8	3	1	1	1
	4003	-15	8	-4	1	1	1
	4004	-15	8	-3	1	1	1
	4005	-15	8	-2	1	1	1
	4006	-15	8	-1	1	1	1
	4007	-15	8	0	1	1	1
	4008	-15	8	1	1	1	1
	4009	-15	8	2	1	1	1
	4010	-15	8	3	1	1	1
	4011	-15	8	4	1	1	1
	4012	-14	8	-5	1	1	1
	4013	-14	8	-4	1	1	1
	4014	-14	8	-3	1	1	1
	4015	-14	8	-2	1	1	1
	4016	-14	8	-1	1	1	1
	4017	-14	8	0	1	1	1
	4018	-14	8	1	1	1	1
	4019	-14	8	2	1	1	1
	4020	-14	8	3	1	1	1
	4021	-14	8	4	1	1	1
	4022	-14	8	5	1	1	1
	4023	-13	8	-5	1	1	1
	4024	-13	8	-4	1	1	1
	4025	-13	8	-3	1	1	1
	4026	-13	8	-2	1	1	1
	4027	-13	8	-1	1	1	1
	4028	-13	8	0	1	1	1
	4029	-13	8	1	1	1	1
	4030	-13	8	2	1	1	1
	4031	-13	8	3	1	1	1
	4032	-13	8	4	1	1	1
	4033	-13	8	5	1	1	1
	4034	-12	8	-5	1	1	1
	4035	-12	8	-4	1	1	1
	4036	-12	8	-3	1	1	1
	4037	-12	8	-2	1	1	1
	4038	-12	8	-1	1	1	1
	4039	-12	8	0	1	1	1
	4040	-12	8	1	1	1	1
	4041	-12	8	2	1	1	1
	4042	-12	8	3	1	1	1
	4043	-12	8	4	1	1	1
	4044	-12	8	5	1	1	1
	4045	-11	8	-6	1	1	1
	4046	-11	8	-5	1	1	1
	4047	-11	8	-4	1	1	1
	4048	-11	8	-3	1	1	1
	4049	-11	8	-2	1	1	1
	4050	-11	8	-1	1	1	1
	4051	-11	8	0	1	1	1
	4052	-11	8	1	1	1	1
	4053	-11	8	2	1	1	1
	4054	-11	8	3	1	1	1
	4055	-11	8	4	1	1	1
	4056	-11	8	5	1	1	1
	4057	-11	8	6	1	1	1
	4058	-10	8	-5	1	1	1
	4059	-10	8	-4	1	1	1
	4060	-10	8	-3	1	1	1
	4061	-10	8	-2	1	1	1
	4062	-10	8	-1	1	1	1
	4063	-10	8	0	1	1	1
	4064	-10	8	1	1	1	1
	4065	-10	8	2	1	1	1
	4066	-10	8	3	1	1	1
	4067	-10	8	4	1	1	1
	4068	-10	8	5	1	1	1
	4069	-9	8	-5	1	1	1
	4070	-9	8	-4	1	1	1
	4071	-9	8	-3	1	1	1
	4072	-9	8	-2	1	1	1
	4073	-9	8	-1	1	1	1
	4074	-9	8	0	1	1	1
	4075	-9	8	1	1	1	1
	4076	-9	8	2	1	1	1
	4077	-9	8	3	1	1	1
	4078	-9	8	4	1	1	1
	4079	-9	8	5	1	1	1
	4080	-8	8	-5	1	1	1
	4081	-8	8	-4	1	1	1
	4082	-8	8	-3	1	1	1
	4083	-8	8	-2	1	1	1
	4084	-8	8	-1	1	1	1
	4085	-8	8	0	1	1	1
	4086	-8	8	1	1	1	1
	4087	-8	8	2	1	1	1
	4088	-8	8	3	1	1	1
	4089	-8	8	4	1	1	1
	4090	-8	8	5	1	1	1
	4091	-7	8	-4	1	1	1
	4092	-7	8	-3	1	1	1
	4093	-7	8	-2	1	1	1
	4094	-7	8	-1	1	1	1
	4095	-7	8	0	1	1	1
	4096	-7	8	1	1	1	1
	4097	-7	8	2	1	1	1
	4098	-7	8	3	1	1	1
	4099	-7	8	4	1	1	1
	4100	-6	8	-3	1	1	1
	4101	-6	8	-2	1	1	1
	4102	-6	8	-1	1	1	1
	4103	-6	8	0	1	1	1
	4104	-6	8	1	1	1	1
	4105	-6	8	2	1	1	1
	4106	-6	8	3	1	1	1
	4107	-5	8	0	1	1	1
	4108	-15	9	-1	1	1	1
	4109	-15	9	0	1	1	1
	4110	-15	9	1	1	1	1
	4111	-14	9	-3	1	1	1
	4112	-14	9	-2	1	1	1
	4113	-14	9	-1	1	1	1
	4114	-14	9	0	1	1	1
	4115	-14	9	1	1	1	1
	4116	-14	9	2	1	1	1
	4117	-14	9	3	1	1	1
	4118	-13	9	-3	1	1	1
	4119	-13	9	-2	1	1	1
	4120	-13	9	-1	1	1	1
	4121	-13	9	0	1	1	1
	4122	-13	9	1	1	1	1
	4123	-13	9	2	1	1	1
	4124	-13	9	3	1	1	1
	4125	-12	9	-4	1	1	1
	4126	-12	9	-3	1	1	1
	4127	-12	9	-2	1	1	1
	4128	-12	9	-1	1	1	1
	4129	-12	9	0	1	1	1
	4130	-12	9	1	1	1	1
	4131	-12	9	2	1	1	1
	4132	-12	9	3	1	1	1
	4133	-12	9	4	1	1	1
	4134	-11	9	-4	1	1	1
	4135	-11	9	-3	1	1	1
	4136	-11	9	-2	1	1	1
	4137	-11	9	-1	1	1	1
	4138	-11	9	0	1	1	1
	4139	-11	9	1	1	1	1
	4140	-11	9	2	1	1	1
	4141	-11	9	3	1	1	1
	4142	-11	9	4	1	1	1
	4143	-10	9	-4	1	1	1
	4144	-10	9	-3	1	1	1
	4145	-10	9	-2	1	1	1
	4146	-10	9	-1	1	1	1
	4147	-10	9	0	1	1	1
	4148	-10	9	1	1	1	1
	4149	-10	9	2	1	1	1
	4150	-10	9	3	1	1	1
	4151	-10	9	4	1	1	1
	4152	-9	9	-3	1	1	1
	4153	-9	9	-2	1	1	1
	4154	-9	9	-1	1	1	1
	4155	-9	9	0	1	1	1
	4156	-9	9	1	1	1	1
	4157	-9	9	2	1	1	1
	4158	-9	9	3	1	1	1
	4159	-8	9	-3	1	1	1
	4160	-8	9	-2	1	1	1
	4161	-8	9	-1	1	1	1
	4162	-8	9	0	1	1	1
	4163	-8	9	1	1	1	1
	4164	-8	9	2	1	1	1
	4165	-8	9	3	1	1	1
	4166	-7	9	-1	1	1	1
	4167	-7	9	0	1	1	1
	4168	-7	9	1	1	1	1
	4169	-11	10	0	1	1	1
