 1.0000E-02 4.0000E-01 3.7314E-01 3.7105E-01 2.0866E-03  2.3209E-03 4.0218E-01 2.4727E-04   214
 1.0000E-02 4.1500E-01 3.6030E-01 3.5849E-01 1.8119E-03  2.1403E-03 4.0218E-01 2.1482E-04   214
 1.0000E-02 4.3000E-01 3.5013E-01 3.4856E-01 1.5728E-03  2.0068E-03 4.0218E-01 1.8654E-04   214
 1.0000E-02 4.4500E-01 3.5221E-01 3.5081E-01 1.4018E-03  1.8374E-03 4.0218E-01 1.6633E-04   214
 1.0000E-02 4.6000E-01 3.5615E-01 3.5492E-01 1.2379E-03  1.7406E-03 4.0218E-01 1.4692E-04   214
 1.0000E-02 4.7500E-01 3.7248E-01 3.7135E-01 1.1314E-03  1.6019E-03 4.0217E-01 1.3434E-04   214
 1.0000E-02 4.9000E-01 4.1603E-01 4.1487E-01 1.1620E-03  1.3144E-03 4.0217E-01 1.3806E-04   214
 1.0000E-02 5.0500E-01 4.7414E-01 4.7269E-01 1.4484E-03  8.1561E-04 4.0217E-01 1.7226E-04   214
 1.0000E-02 5.2000E-01 4.5188E-01 4.5007E-01 1.8089E-03  2.5648E-04 4.0217E-01 2.1540E-04   214
 1.0000E-02 5.3500E-01 3.2364E-01 3.2196E-01 1.6779E-03 -2.0753E-04 4.0217E-01 2.0000E-04   214
 1.0000E-02 5.5000E-01 2.1335E-01 2.1197E-01 1.3893E-03 -6.1948E-04 4.0217E-01 1.6575E-04   214
 1.0000E-02 5.6500E-01 1.4134E-01 1.4021E-01 1.1329E-03 -9.8203E-04 4.0217E-01 1.3527E-04   214
 1.0000E-02 5.8000E-01 9.6987E-02 9.6064E-02 9.2402E-04 -1.3281E-03 4.0217E-01 1.1041E-04   214
 1.0000E-02 5.9500E-01 6.9584E-02 6.8823E-02 7.6246E-04 -1.6808E-03 4.0217E-01 9.1179E-05   214
 1.0000E-02 6.1000E-01 5.1907E-02 5.1269E-02 6.3930E-04 -2.0055E-03 4.0217E-01 7.6505E-05   214
 1.0000E-02 6.2500E-01 3.9712E-02 3.9167E-02 5.4555E-04 -2.2764E-03 4.0217E-01 6.5326E-05   214
 1.0000E-02 6.4000E-01 3.0754E-02 3.0283E-02 4.7068E-04 -2.5309E-03 4.0217E-01 5.6393E-05   214
 1.0000E-02 6.5500E-01 2.4802E-02 2.4395E-02 4.0736E-04 -2.7257E-03 4.0217E-01 4.8828E-05   214
 1.0000E-02 6.7000E-01 2.2874E-02 2.2518E-02 3.5625E-04 -2.9526E-03 4.0217E-01 4.2722E-05   214
 1.0000E-02 6.8500E-01 2.2479E-02 2.2164E-02 3.1585E-04 -3.1412E-03 4.0217E-01 3.7890E-05   214
 1.0000E-02 7.0000E-01 2.1401E-02 2.1119E-02 2.8251E-04 -3.4890E-03 4.0217E-01 3.3914E-05   214
